-1.2868178480806,1.2868178480806,-0.888213385425332,0.888213385425332,-1.18968600631537,1.18968600631537,-1.44437072730827,1.44437072730827,-0.497658964236725,0.497658964236725,1.06468161685391,-1.06468161685391,1.01358464353072,-1.01358464353072,-0.378197538079726,0.378197538079726,-3.03967451776243,3.03967451776243,-0.587913201445979,0.587913201445979,1.31708718661347,-1.31708718661347,2.2413037596779,-2.2413037596779,-0.348457119453864,0.348457119453864,-0.482280257118967,0.482280257118967,0.217327698085291,-0.217327698085291,-0.350844669508399,0.350844669508399,-0.286055840419306,0.286055840419306,-0.687284329128127,0.687284329128127,-1.29548483509576,1.29548483509576,-0.441685989977948,0.441685989977948,0.0800262055091707,-0.0800262055091707,0.676304745989629,-0.676304745989629,-1.19952498173015,1.19952498173015,-2.76471915155621,2.76471915155621,0.140774043353677,-0.140774043353677,-0.634777864877635,0.634777864877635,1.60866470042365,-1.60866470042365,1.3255862235719,-1.3255862235719,-0.197232789857502,0.197232789857502,0.904685594456469,-0.904685594456469,-0.0809822219446733,0.0809822219446733,-0.0483030914693275,0.0483030914693275,-0.866334955516435,0.866334955516435,0.212347111846754,-0.212347111846754,-1.24559514750719,1.24559514750719,1.64877283313179,-1.64877283313179,0.409970393906163,-0.409970393906163,-0.100996292688744,0.100996292688744,-1.31829607640254,1.31829607640254,-0.209280572199053,0.209280572199053,1.09494681078218,-1.09494681078218,1.09591903669327,-1.09591903669327,0.534946297136085,-0.534946297136085,0.317742472278661,-0.317742472278661,-1.09680887527541,1.09680887527541,1.19818695136785,-1.19818695136785,-1.19394013742595,1.19394013742595,-0.0294079599424581,0.0294079599424581,0.849229966581848,-0.849229966581848,0.840326998431616,-0.840326998431616,-0.368559841475196,0.368559841475196,-0.20665345368658,0.20665345368658,-0.509870203934716,0.509870203934716,0.45347831341461,-0.45347831341461,0.451123130950522,-0.451123130950522,-0.0833590310985058,0.0833590310985058,0.978451475578726,-0.978451475578726,0.25788587579106,-0.25788587579106,-0.276680245851084,0.276680245851084,0.803901091777232,-0.803901091777232,-0.0605613823696135,0.0605613823696135,0.194676677694143,-0.194676677694143,-0.573977896018223,0.573977896018223,0.163648599158704,-0.163648599158704,-2.12716045260246,2.12716045260246,0.605432097221562,-0.605432097221562,-1.42279260620955,1.42279260620955,-1.23129435798404,1.23129435798404,1.01667169995546,-1.01667169995546,-0.614849150348461,0.614849150348461,-0.33611445630068,0.33611445630068,2.14648604147375,-2.14648604147375,0.228266385551411,-0.228266385551411,2.01671938285302,-2.01671938285302,0.676354714589005,-0.676354714589005,-0.738936693384048,0.738936693384048,0.0451565749595284,-0.0451565749595284,1.00039191991183,-1.00039191991183,-1.23588496738307,1.23588496738307,1.77073839167334,-1.77073839167334,-0.985767401547597,0.985767401547597,0.502116567760234,-0.502116567760234,-0.660951678423251,0.660951678423251,-0.408002817227928,0.408002817227928,2.08797651035379,-2.08797651035379,-0.245402604674969,0.245402604674969,-1.06418798784001,1.06418798784001,-0.307026941519009,0.307026941519009,0.452186708043706,-0.452186708043706,-1.41683617403947,1.41683617403947,0.0911259213587975,-0.0911259213587975,-0.0950717852289962,0.0950717852289962,-0.364615215125754,0.364615215125754,-1.59324341237341,1.59324341237341,0.307527448854656,-0.307527448854656,0.372526058449291,-0.372526058449291,-0.338416894658073,0.338416894658073,0.645984760678548,-0.645984760678548,-0.86744068923405,0.86744068923405,0.38003525112163,-0.38003525112163,-0.0569340579559378,0.0569340579559378,-0.231702358631017,0.231702358631017,-1.27413930197075,1.27413930197075,-0.919894032232264,0.919894032232264,-0.601424066484713,0.601424066484713,1.67726611773919,-1.67726611773919,-1.64228635373389,1.64228635373389,-0.953214281593189,0.953214281593189,-0.89795889128769,0.89795889128769,-0.591915734723627,0.591915734723627,-0.318319334451008,0.318319334451008,-0.233306913376922,0.233306913376922,0.25230675549035,-0.25230675549035,1.30099731412828,-1.30099731412828,-1.60333958436421,1.60333958436421,0.247493787957355,-0.247493787957355,-0.854009983628327,0.854009983628327,0.531776383954177,-0.531776383954177,-0.834721227229527,0.834721227229527,-0.380854846618129,0.380854846618129,-0.0127749037548272,0.0127749037548272,-0.263281057681172,0.263281057681172,-0.652581570907941,0.652581570907941,0.531355377787402,-0.531355377787402,-0.0263559106170323,0.0263559106170323,1.60210970939302,-1.60210970939302,-1.95155013611337,1.95155013611337,0.257131081709799,-0.257131081709799,-1.21436412693445,1.21436412693445,0.408291925969014,-0.408291925969014,-0.147490309460701,0.147490309460701,-1.54938011389876,1.54938011389876,-0.621466718002941,0.621466718002941,0.779689709066198,-0.779689709066198,1.14271383083581,-1.14271383083581,0.481591213274185,-0.481591213274185,0.414266454325703,-0.414266454325703,1.25362226731377,-1.25362226731377,0.440291583178578,-0.440291583178578,1.04561869975157,-1.04561869975157,0.697669164206409,-0.697669164206409,-1.0016189459454,1.0016189459454,-0.193698052172474,0.193698052172474,0.548620407845236,-0.548620407845236,0.0532239763077048,-0.0532239763077048,0.636634201797546,-0.636634201797546,-1.00289319594037,1.00289319594037,-0.67927493181185,0.67927493181185,1.48716169283083,-1.48716169283083,-0.00223357214379283,0.00223357214379283,-0.427467294376952,0.427467294376952,1.05070859896331,-1.05070859896331,1.62973538706739,-1.62973538706739,-1.9015659618847,1.9015659618847,-0.445162575792385,0.445162575792385,-0.550637647912563,0.550637647912563,-0.80374941976203,0.80374941976203,0.160636736371251,-0.160636736371251,0.277519381992107,-0.277519381992107,1.22810885695753,-1.22810885695753,0.657481377837777,-0.657481377837777,0.126221192225423,-0.126221192225423,-0.243307551826002,0.243307551826002,-0.197461627976108,0.197461627976108,-0.280020844252562,0.280020844252562,-0.710634531319937,0.710634531319937,-0.122328356307676,0.122328356307676,0.655562426726186,-0.655562426726186,-0.214281975543523,0.214281975543523,-1.16378181553381,1.16378181553381,0.589091438943897,-0.589091438943897,-1.87381226909398,1.87381226909398,-0.336461581957688,0.336461581957688,0.307340792032974,-0.307340792032974,-0.993946243909759,0.993946243909759,-1.47578142523016,1.47578142523016,-2.28283813482263,2.28283813482263,-0.54221765469238,0.54221765469238,-0.491784209270374,0.491784209270374,-1.68619499954408,1.68619499954408,-0.581017959970356,0.581017959970356,-0.347973509703108,0.347973509703108,-1.33062566714454,1.33062566714454,0.767179349152224,-0.767179349152224,0.173837255248894,-0.173837255248894,0.888942917824646,-0.888942917824646,-0.299052968531412,0.299052968531412,0.564403627579326,-0.564403627579326,-1.74716741295859,1.74716741295859,-0.217276598361656,0.217276598361656,-0.835014978405664,0.835014978405664,-0.0606321372943615,0.0606321372943615,-0.810246248407582,0.810246248407582,-0.0670548669133598,0.0670548669133598,0.00196486688276292,-0.00196486688276292,-0.22558715009746,0.22558715009746,0.972217611224839,-0.972217611224839,0.758215735765077,-0.758215735765077,0.206090924387446,-0.206090924387446,0.733952035854011,-0.733952035854011,0.0798559024775223,-0.0798559024775223,1.11790680692667,-1.11790680692667,-0.483276469316648,0.483276469316648,-2.6844382032906,2.6844382032906,0.681939415748134,-0.681939415748134,0.409585995986127,-0.409585995986127,-1.30469074613886,1.30469074613886,-1.43673147699672,1.43673147699672,-0.172385302978706,0.172385302978706,-1.17459118357227,1.17459118357227,-0.745934342659116,0.745934342659116,-0.392762656409211,0.392762656409211,0.659813248095713,-0.659813248095713,-1.40454434798283,1.40454434798283,0.54471025935511,-0.54471025935511,-0.537312585156349,0.537312585156349,-0.00282039665346248,0.00282039665346248,-0.470197709338266,0.470197709338266,1.00817304140431,-1.00817304140431,-1.20307440745675,1.20307440745675,0.626661763254254,-0.626661763254254,0.0899943115024319,-0.0899943115024319,-0.590827944042178,0.590827944042178,-1.19601612583084,1.19601612583084,-0.0568768269464825,0.0568768269464825,-1.47531653239855,1.47531653239855,0.579148821876272,-0.579148821876272,-0.215973387315292,0.215973387315292,-1.19232853228607,1.19232853228607,1.48533079067939,-1.48533079067939,0.847344041643042,-0.847344041643042,-0.179402404110032,0.179402404110032,0.0221240320723015,-0.0221240320723015,-0.174079675319928,0.174079675319928,0.791210056772902,-0.791210056772902,0.621682584581827,-0.621682584581827,0.666589677265886,-0.666589677265886,1.54059213626993,-1.54059213626993,-0.942394036210671,0.942394036210671,0.160290595495084,-0.160290595495084,0.539092706884106,-0.539092706884106,-0.0331060357340095,0.0331060357340095,1.21396918803548,-1.21396918803548,0.450606359962829,-0.450606359962829,0.418071675554729,-0.418071675554729,1.34421588524116,-1.34421588524116,0.877860723563669,-0.877860723563669,-0.901930581586308,0.901930581586308,-0.230170210605891,0.230170210605891,-0.524708510392432,0.524708510392432,0.638051233598719,-0.638051233598719,-0.493418230921909,0.493418230921909,-0.570326219216485,0.570326219216485,-0.835519049120555,0.835519049120555,-0.900217060225927,0.900217060225927,-0.715252965696691,0.715252965696691,-0.638840384429369,0.638840384429369,-0.915030290423257,0.915030290423257,-0.397790454274157,0.397790454274157,-1.12289282657565,1.12289282657565,0.657981329499846,-0.657981329499846,-0.0354219087499258,0.0354219087499258,1.3998138588159,-1.3998138588159,1.94134076794379,-1.94134076794379,-0.427220870730166,0.427220870730166,-0.502892217932724,0.502892217932724,-0.489590632335815,0.489590632335815,-0.432606556328998,0.432606556328998,-0.66161242815594,0.66161242815594,0.373060094635923,-0.373060094635923,-0.00795559811747023,0.00795559811747023,0.209316617613687,-0.209316617613687,-0.618581451976041,0.618581451976041,2.0531032391279,-2.0531032391279,-0.533342409494183,0.533342409494183,1.41436924840103,-1.41436924840103,-1.81869009665702,1.81869009665702,-1.39339852869244,1.39339852869244,0.126831568326507,-0.126831568326507,-1.63226625606515,1.63226625606515,0.640082971093159,-0.640082971093159,-0.593881812998839,0.593881812998839,0.877884491317503,-0.877884491317503,1.21319910096887,-1.21319910096887,-1.02709179093019,1.02709179093019,0.297634065899885,-0.297634065899885,-3.56244557755045,3.56244557755045,0.921865105392468,-0.921865105392468,-0.75767123247945,0.75767123247945,0.116216097092959,-0.116216097092959,-1.3585043876197,1.3585043876197,0.773152316155202,-0.773152316155202,0.407800566525251,-0.407800566525251,0.701335327068206,-0.701335327068206,-0.30151469431762,0.30151469431762,-1.04965885589361,1.04965885589361,0.707525508619263,-0.707525508619263,-0.785917752899165,0.785917752899165,0.397555523128579,-0.397555523128579,-1.24797575734556,1.24797575734556,-0.63868921135919,0.63868921135919,1.19197557730754,-1.19197557730754,-0.517557002613893,0.517557002613893,1.75387794129022,-1.75387794129022,-1.46175217098654,1.46175217098654,0.474370610141022,-0.474370610141022,0.365827943988417,-0.365827943988417,0.916293284919186,-0.916293284919186,-0.0922534929534065,0.0922534929534065,1.20259680320248,-1.20259680320248,0.134883224635744,-0.134883224635744,0.0759443004049846,-0.0759443004049846,0.0167844692296377,-0.0167844692296377,-1.21801554763601,1.21801554763601,1.23216753736819,-1.23216753736819,-0.35916266560067,0.35916266560067,-0.215961049956356,0.215961049956356,1.77098846571494,-1.77098846571494,1.12976128774691,-1.12976128774691,0.992927443444498,-0.992927443444498,0.686051019019009,-0.686051019019009,-0.0606291290148845,0.0606291290148845,-2.11096291582359,2.11096291582359,-1.81860059066391,1.81860059066391,-0.791653419171332,0.791653419171332,0.960503665474284,-0.960503665474284,-0.424825100294816,0.424825100294816,1.1625085131316,-1.1625085131316,1.11749504094743,-1.11749504094743,-0.0406989547791247,0.0406989547791247,-0.551153447240613,0.551153447240613,-0.603269226744544,0.603269226744544,0.681570191920361,-0.681570191920361,1.26664558948824,-1.26664558948824,1.37293321883616,-1.37293321883616,-0.247842160200127,0.247842160200127,-0.287054177723054,0.287054177723054,-0.240713119254211,0.240713119254211,0.215243680410415,-0.215243680410415,-0.0472770154601166,0.0472770154601166,-0.0592996828039454,0.0592996828039454,-1.90609724096777,1.90609724096777,-0.304956977048079,0.304956977048079,0.564766491507686,-0.564766491507686,-1.20506250197591,1.20506250197591,0.653397699804076,-0.653397699804076,0.744919358125654,-0.744919358125654,-0.013634333195676,0.013634333195676,-0.226673074585923,0.226673074585923,-0.189361963426428,0.189361963426428,-0.940466946568919,0.940466946568919,0.21534491453769,-0.21534491453769,1.46877742881434,-1.46877742881434,-0.817666284586817,0.817666284586817,-0.167365470561308,0.167365470561308,-1.53742297410778,1.53742297410778,-1.01289546778484,1.01289546778484,-0.437930146208872,0.437930146208872,-0.167855049068925,0.167855049068925,-0.250276311540071,0.250276311540071,0.397503576526688,-0.397503576526688,-0.137091405015213,0.137091405015213,-0.61358762472535,0.61358762472535,0.136156958850233,-0.136156958850233,1.35998833716937,-1.35998833716937,-1.16879537075711,1.16879537075711,-0.635507616681307,0.635507616681307,-0.0282539212993119,0.0282539212993119,-0.529180015962642,0.529180015962642,2.52751280753165,-2.52751280753165,2.60450752585385,-2.60450752585385,-0.619185684817137,0.619185684817137,-0.11113736416757,0.11113736416757,0.127580349729559,-0.127580349729559,-0.85765246437006,0.85765246437006,0.376911345723236,-0.376911345723236,0.956432132175654,-0.956432132175654,0.928509927445173,-0.928509927445173,-1.35438968117694,1.35438968117694,0.51626789003793,-0.51626789003793,-1.97597988377142,1.97597988377142,0.157228189454537,-0.157228189454537,0.696122117124419,-0.696122117124419,0.104635829452012,-0.104635829452012,-0.823968430098207,0.823968430098207,1.27100156187023,-1.27100156187023,-0.0545241621338861,0.0545241621338861,0.709746354920212,-0.709746354920212,1.31066849311551,-1.31066849311551,-0.0973663811353113,0.0973663811353113,-0.909970678968626,0.909970678968626,-1.0431030424666,1.0431030424666,1.42115874593608,-1.42115874593608,-1.12115622952237,1.12115622952237,0.636571485403476,-0.636571485403476,1.69889140188328,-1.69889140188328,0.174103926937484,-0.174103926937484,0.751730214818443,-0.751730214818443,-0.0807290014338405,0.0807290014338405,0.357231654744537,-0.357231654744537,1.1803449817143,-1.1803449817143,0.231534937901166,-0.231534937901166,-0.247826042507944,0.247826042507944,1.56540427631313,-1.56540427631313,0.011189485245485,-0.011189485245485,0.390290386799276,-0.390290386799276,0.737174145593564,-0.737174145593564,-1.65864826341277,1.65864826341277,0.936143313387561,-0.936143313387561,-2.09030866968839,2.09030866968839,-1.66812783891591,1.66812783891591,-0.640429285255593,0.640429285255593,0.314925572008965,-0.314925572008965,0.120290088243566,-0.120290088243566,-0.499165229992641,0.499165229992641,-1.49579212969965,1.49579212969965,0.898864623268752,-0.898864623268752,-1.51707788615306,1.51707788615306,-0.120572120992052,0.120572120992052,0.401318852830713,-0.401318852830713,0.470963917353837,-0.470963917353837,2.29097780503232,-2.29097780503232,0.497460920326602,-0.497460920326602,-1.56568755806728,1.56568755806728,-0.836736405569409,0.836736405569409,-1.5432654098196,1.5432654098196,-0.0637026205061563,0.0637026205061563,-0.952001956129581,0.952001956129581,-1.13556389778586,1.13556389778586,0.30960760968879,-0.30960760968879,-0.693461844888783,0.693461844888783,-0.621954828565609,0.621954828565609,-0.469969407987933,0.469969407987933,-0.266247556687297,0.266247556687297,0.767174315434648,-0.767174315434648,-0.983818628996813,0.983818628996813,2.53507400187095,-2.53507400187095,2.05325259389727,-2.05325259389727,2.14671751832295,-2.14671751832295,0.530951514703772,-0.530951514703772,-0.407228483814781,0.407228483814781,-1.01366718726549,1.01366718726549,-0.471527107959896,0.471527107959896,0.927771428589253,-0.927771428589253,1.89146339660611,-1.89146339660611,0.809980716490712,-0.809980716490712,-2.52236546155373,2.52236546155373,-1.57013568605509,1.57013568605509,1.70095216687194,-1.70095216687194,1.45186016776359,-1.45186016776359,0.92182032092733,-0.92182032092733,0.194387028169171,-0.194387028169171,-1.0481582168386,1.0481582168386,-0.0984833666501816,0.0984833666501816,2.1398411869545,-2.1398411869545,0.765797937795862,-0.765797937795862,-0.184820983852182,0.184820983852182,1.9638445958047,-1.9638445958047,-1.41350142983515,1.41350142983515,-0.198371130831349,0.198371130831349,-1.91211282953741,1.91211282953741,-0.759830894560654,0.759830894560654,0.481607658525225,-0.481607658525225,-0.141947849523386,0.141947849523386,0.651946402121689,-0.651946402121689,-0.303441923398394,0.303441923398394,-0.218529905521107,0.218529905521107,0.788839787501344,-0.788839787501344,-0.913098263082725,0.913098263082725,0.250538815453047,-0.250538815453047,-0.0899760399628546,0.0899760399628546,-0.917518101708159,0.917518101708159,1.38529883445103,-1.38529883445103,-1.00887528049665,1.00887528049665,0.33779849734629,-0.33779849734629,-1.97467253781436,1.97467253781436,0.268695857656511,-0.268695857656511,1.81279028378349,-1.81279028378349,1.23629974071713,-1.23629974071713,-0.824344857254751,0.824344857254751,-1.78033139701202,1.78033139701202,-0.927332471386294,0.927332471386294,0.451140946464066,-0.451140946464066,0.236258636240717,-0.236258636240717,-1.12501463678463,1.12501463678463,0.647778231391122,-0.647778231391122,-0.0202639112793785,0.0202639112793785,0.614063789850485,-0.614063789850485,-1.0241582606714,1.0241582606714,1.94151786510729,-1.94151786510729,0.799384812207965,-0.799384812207965,-0.445612111284078,0.445612111284078,-0.615428710142473,0.615428710142473,-1.31017801538117,1.31017801538117,0.280129321386003,-0.280129321386003,0.849898965689625,-0.849898965689625,0.203622415916948,-0.203622415916948,-0.0898697520883402,0.0898697520883402,-1.39602116787889,1.39602116787889,-0.343128780503933,0.343128780503933,-1.35009756965151,1.35009756965151,0.655531223846151,-0.655531223846151,0.356764564427619,-0.356764564427619,1.11436935833199,-1.11436935833199,0.0525183900834705,-0.0525183900834705,-0.499448379208941,0.499448379208941,0.342578584243796,-0.342578584243796,1.11082646680765,-1.11082646680765,-0.334498679375921,0.334498679375921,0.600673099728902,-0.600673099728902,1.35232169148638,-1.35232169148638,-1.24876662592496,1.24876662592496,-0.927298055541568,0.927298055541568,0.335241374415318,-0.335241374415318,1.47364576015005,-1.47364576015005,-0.704855726106579,0.704855726106579,-0.241619155014681,0.241619155014681,-1.61249073528579,1.61249073528579,1.21987200488377,-1.21987200488377,1.24569116182048,-1.24569116182048,-1.4814615998455,1.4814615998455,0.379924574377363,-0.379924574377363,-1.2735739587272,1.2735739587272,1.92540954814198,-1.92540954814198,0.610116198770957,-0.610116198770957,-2.40190609433381,2.40190609433381,0.95801501452324,-0.95801501452324,1.60897970261122,-1.60897970261122,-1.34256949991549,1.34256949991549,-1.12857947901877,1.12857947901877,0.00377903651724989,-0.00377903651724989,0.314973168459431,-0.314973168459431,-0.935715139568006,0.935715139568006,0.133057526871037,-0.133057526871037,0.572696987606505,-0.572696987606505,-0.212804794910773,0.212804794910773,-3.21464722919345,3.21464722919345,0.010695663829221,-0.010695663829221,1.57977876355715,-1.57977876355715,0.501531348491775,-0.501531348491775,-1.02145449889894,1.02145449889894,0.865999782979089,-0.865999782979089,-1.38357924077484,1.38357924077484,-0.133359923460666,0.133359923460666,0.524906807098315,-0.524906807098315,0.549416794527843,-0.549416794527843,1.12240129480603,-1.12240129480603,1.65311903500371,-1.65311903500371,-0.424697827916396,0.424697827916396,-1.56257743823638,1.56257743823638,0.387774895936089,-0.387774895936089,0.0794889821687677,-0.0794889821687677,1.14475767916494,-1.14475767916494,-0.342448006704111,0.342448006704111,-0.820902789111793,0.820902789111793,0.889177744617639,-0.889177744617639,0.973919702960746,-0.973919702960746,-0.151916791008084,0.151916791008084,1.53158649682319,-1.53158649682319,0.123257832027378,-0.123257832027378,0.108999562313569,-0.108999562313569,-0.449734780586879,0.449734780586879,-1.15166912732088,1.15166912732088,0.0186772926759572,-0.0186772926759572,-0.715490231568725,0.715490231568725,-0.740265180655092,0.740265180655092,0.214271446256915,-0.214271446256915,1.85047382000875,-1.85047382000875,-0.758298580367045,0.758298580367045,0.410916887922883,-0.410916887922883,-2.4249416580543,2.4249416580543,-1.07397349161598,1.07397349161598,-0.203660796788049,0.203660796788049,-0.137199302739368,0.137199302739368,0.476344863188871,-0.476344863188871,1.28167460993144,-1.28167460993144,0.62452973827216,-0.62452973827216,0.138790919424938,-0.138790919424938,-0.640577592894878,0.640577592894878,1.89246767579262,-1.89246767579262,-0.0377409369671151,0.0377409369671151,-1.07047293828864,1.07047293828864,1.20667574249715,-1.20667574249715,-1.82340511143491,1.82340511143491,0.433148304453751,-0.433148304453751,0.722084944492746,-0.722084944492746,-0.607932876382587,0.607932876382587,0.503313552530276,-0.503313552530276,-0.587411694690071,0.587411694690071,-0.391654876166955,0.391654876166955,-1.56437240235853,1.56437240235853,1.52923937960844,-1.52923937960844,0.620297044179337,-0.620297044179337,0.747988810578007,-0.747988810578007,1.67002773214362,-1.67002773214362,-0.663348376649571,0.663348376649571,-2.64341297761687,2.64341297761687,0.504802464187484,-0.504802464187484,-0.732990561836284,0.732990561836284,-0.734144026055616,0.734144026055616,-1.02712533653294,1.02712533653294,-1.62969964763347,1.62969964763347,-0.0466380056512785,0.0466380056512785,1.81739515940034,-1.81739515940034,-0.0482885261611844,0.0482885261611844,0.402236339529838,-0.402236339529838,-0.162463110502945,0.162463110502945,0.514785066240617,-0.514785066240617,-1.396159179662,1.396159179662,-1.17427452138037,1.17427452138037,1.98492790911876,-1.98492790911876,1.12031278076167,-1.12031278076167,2.00015088596249,-2.00015088596249,-0.293288680398224,0.293288680398224,1.00692341682118,-1.00692341682118,-0.285432244973076,0.285432244973076,0.0730089067701037,-0.0730089067701037,0.199012736686231,-0.199012736686231,2.05636741859176,-2.05636741859176,0.658371587427122,-0.658371587427122,-0.266680553876635,0.266680553876635,0.327344018406142,-0.327344018406142,0.737575765632616,-0.737575765632616,-0.306912668741433,0.306912668741433,0.0571812585288167,-0.0571812585288167,-1.02223142514354,1.02223142514354,-1.82655870066337,1.82655870066337,-0.0677942490906886,0.0677942490906886,-0.51285253246702,0.51285253246702,0.220732005719634,-0.220732005719634,0.851455092883742,-0.851455092883742,1.45530866743479,-1.45530866743479,-1.95816996731795,1.95816996731795,-0.377014329446527,0.377014329446527,-0.708935709041482,0.708935709041482,0.119084336688247,-0.119084336688247,0.614035424332004,-0.614035424332004,1.46379436031917,-1.46379436031917,0.679516572197005,-0.679516572197005,-1.15749540008185,1.15749540008185,-0.302435896064043,0.302435896064043,-0.0162917451460146,0.0162917451460146,1.82291986885436,-1.82291986885436,0.861491210094025,-0.861491210094025,-0.568488962836101,0.568488962836101,1.01443294739323,-1.01443294739323,-0.343394511943716,0.343394511943716,1.58934596601093,-1.58934596601093,-0.304129723259421,0.304129723259421,-1.46340797717671,1.46340797717671,1.27437258890061,-1.27437258890061,-1.74723377465006,1.74723377465006,0.467544871288091,-0.467544871288091,-0.11753686992177,0.11753686992177,-0.539193765470035,0.539193765470035,0.117933567965237,-0.117933567965237,-0.484905645278089,0.484905645278089,-1.72309088964232,1.72309088964232,-0.855198849893491,0.855198849893491,0.532801473418879,-0.532801473418879,-0.595514499273093,0.595514499273093,1.68007113853483,-1.68007113853483,0.562180570206096,-0.562180570206096,1.38839643366558,-1.38839643366558,0.70795927723539,-0.70795927723539,0.387357481364528,-0.387357481364528,-0.515342439533717,0.515342439533717,0.722384672603988,-0.722384672603988,1.15146166554564,-1.15146166554564,0.143709501905562,-0.143709501905562,0.314425877213311,-0.314425877213311,0.371182285090226,-0.371182285090226,-1.05369369322301,1.05369369322301,0.0532937900441989,-0.0532937900441989,-0.900936489604222,0.900936489604222,-0.819764656495228,0.819764656495228,0.412047936559831,-0.412047936559831,0.262735965714663,-0.262735965714663,-0.646635545467882,0.646635545467882,-0.0421844420133342,0.0421844420133342,-1.03645636296289,1.03645636296289,0.589111941619346,-0.589111941619346,0.136051682063833,-0.136051682063833,-0.897994739179541,0.897994739179541,-0.668255024710318,0.668255024710318,0.417289080013495,-0.417289080013495,0.390372527755934,-0.390372527755934,-0.860251628064869,0.860251628064869,0.158008803100763,-0.158008803100763,-0.0199870166957329,0.0199870166957329,-1.04162686928009,1.04162686928009,-2.82668742552779,2.82668742552779,-1.28986206380882,1.28986206380882,0.245927130285028,-0.245927130285028,-0.128319440877026,0.128319440877026,-1.5107113228601,1.5107113228601,1.14916382890117,-1.14916382890117,1.59928833919748,-1.59928833919748,0.800331530895503,-0.800331530895503,1.12092489095132,-1.12092489095132,1.05945893000952,-1.05945893000952,1.26596739156086,-1.26596739156086,-2.00993944086692,2.00993944086692,1.69642949074609,-1.69642949074609,1.29229003202083,-1.29229003202083,1.80926147123103,-1.80926147123103,0.760338966027538,-0.760338966027538,-0.767144087923898,0.767144087923898,2.46526669177555,-2.46526669177555,0.698822112165663,-0.698822112165663,0.838675351452359,-0.838675351452359,-0.584128111344182,0.584128111344182,0.484133654368242,-0.484133654368242,-0.678362983340648,0.678362983340648,-0.902398828522569,0.902398828522569,1.14035535409144,-1.14035535409144,1.02209833685017,-1.02209833685017,0.202485282476381,-0.202485282476381,0.304155528295342,-0.304155528295342,-1.19067151468247,1.19067151468247,0.100202759829117,-0.100202759829117,1.49593764289063,-1.49593764289063,-0.0587114920471605,0.0587114920471605,-0.104247583335933,0.104247583335933,-1.91388309636737,1.91388309636737,-0.616023402798711,0.616023402798711,1.2710520464373,-1.2710520464373,0.292681341598076,-0.292681341598076,-0.521614215458855,0.521614215458855,-0.752095778562435,0.752095778562435,-0.0167747625988166,0.0167747625988166,0.349310957677871,-0.349310957677871,1.0115360280322,-1.0115360280322,1.04763596846044,-1.04763596846044,1.63184859974261,-1.63184859974261,-2.05488997835887,2.05488997835887,-0.414627188040348,0.414627188040348,-0.458555256283425,0.458555256283425,-0.199831221698747,0.199831221698747,1.39227436092245,-1.39227436092245,1.27614911932202,-1.27614911932202,-0.0571861102684625,0.0571861102684625,0.0745162651311106,-0.0745162651311106,0.758931342081816,-0.758931342081816,1.89723870703064,-1.89723870703064,-0.460590456817751,0.460590456817751,1.13944118020401,-1.13944118020401,-1.30691396413805,1.30691396413805,1.05845670059261,-1.05845670059261,0.00201736950844821,-0.00201736950844821,0.674447811573906,-0.674447811573906,0.563530676164605,-0.563530676164605,-0.718381247862718,0.718381247862718,-1.0662874222934,1.0662874222934,-0.626770252171358,0.626770252171358,0.155391237147661,-0.155391237147661,-0.852465302792203,0.852465302792203,-0.562048923385703,0.562048923385703,-1.29136771899553,1.29136771899553,-0.971677944131675,0.971677944131675,0.820278383337386,-0.820278383337386,-0.878344796967677,0.878344796967677,0.130457837579101,-0.130457837579101,-1.016382470928,1.016382470928,0.0869246809046604,-0.0869246809046604,-0.336241681024054,0.336241681024054,0.814472370183361,-0.814472370183361,-0.763799476167405,0.763799476167405,-0.602897395053231,0.602897395053231,1.55095149121251,-1.55095149121251,-0.576582933601844,0.576582933601844,0.0579326713790448,-0.0579326713790448,-0.373929135183842,0.373929135183842,0.38064518501859,-0.38064518501859,-2.42280343932997,2.42280343932997,-0.615476325086747,0.615476325086747,-0.548252244863847,0.548252244863847,-1.07829801346008,1.07829801346008,-0.990113666284728,0.990113666284728,0.465537819515955,-0.465537819515955,1.93040544810103,-1.93040544810103,-0.331428406718725,0.331428406718725,0.0541941943834416,-0.0541941943834416,0.485326518235862,-0.485326518235862,1.41329273960619,-1.41329273960619,-0.112195917647232,0.112195917647232,0.70830644981888,-0.70830644981888,-0.396731775448764,0.396731775448764,1.52038186102595,-1.52038186102595,0.546310666263997,-0.546310666263997,-0.851863570921645,0.851863570921645,-0.585539470803972,0.585539470803972,0.241249825455667,-0.241249825455667,-0.0690959398523606,0.0690959398523606,0.674821183722799,-0.674821183722799,-0.354969121864042,0.354969121864042,0.511035228870397,-0.511035228870397,-0.709862982015817,0.709862982015817,-0.113821984780556,0.113821984780556,0.426581106022119,-0.426581106022119,-0.167777644346511,0.167777644346511,-0.223897177515696,0.223897177515696,-1.2802513894344,1.2802513894344,0.0353195404733423,-0.0353195404733423,-0.995820254715965,0.995820254715965,-1.05048899562351,1.05048899562351,0.43582020747593,-0.43582020747593,2.20353513394912,-2.20353513394912,0.792327040523234,-0.792327040523234,-1.74157529109304,1.74157529109304,-0.869443276659577,0.869443276659577,0.569134693348487,-0.569134693348487,-0.146019018547947,0.146019018547947,0.172420617446541,-0.172420617446541,0.362250124766593,-0.362250124766593,0.198829435575857,-0.198829435575857,1.06956215745952,-1.06956215745952,-0.992114249890838,0.992114249890838,0.61622362881432,-0.61622362881432,-0.400867427087075,0.400867427087075,1.07842044118248,-1.07842044118248,0.746663243906005,-0.746663243906005,-0.447812390788301,0.447812390788301,-0.789208378363483,0.789208378363483,0.772509104880964,-0.772509104880964,-0.99888355016081,0.99888355016081,0.766850240961658,-0.766850240961658,0.261855786289986,-0.261855786289986,1.24095720039845,-1.24095720039845,1.56633885377478,-1.56633885377478,0.0365727445664205,-0.0365727445664205,1.30059438174308,-1.30059438174308,-0.574175280243292,0.574175280243292,-0.808518511562007,0.808518511562007,0.152545353599619,-0.152545353599619,0.847898134281068,-0.847898134281068,0.526320258866908,-0.526320258866908,1.45756074404592,-1.45756074404592,0.542271416436107,-0.542271416436107,0.484993568029457,-0.484993568029457,-0.316946255319376,0.316946255319376,1.34690074721579,-1.34690074721579,-0.563016545290239,0.563016545290239,0.149023607502444,-0.149023607502444,-0.130287044829543,0.130287044829543,2.52087539668233,-2.52087539668233,-0.0467732708539691,0.0467732708539691,-0.567447808327028,0.567447808327028,-0.907816436508369,0.907816436508369,-1.0945501856648,1.0945501856648,0.646853484294995,-0.646853484294995,-1.12867209763609,1.12867209763609,1.71241787425321,-1.71241787425321,-1.23076937069717,1.23076937069717,-1.4411347974735,1.4411347974735,-0.460470232141391,0.460470232141391,1.18931030040694,-1.18931030040694,-1.07381489733188,1.07381489733188,-0.715113191657015,0.715113191657015,-0.180688387502463,0.180688387502463,0.520746152609878,-0.520746152609878,-0.734896063194485,0.734896063194485,1.07218976664229,-1.07218976664229,0.914779445640787,-0.914779445640787,0.70986954073497,-0.70986954073497,-1.21849817520717,1.21849817520717,1.11967130296269,-1.11967130296269,-1.41220971819662,1.41220971819662,-1.22107346208651,1.22107346208651,-0.877696807314187,0.877696807314187,-0.703267439584865,0.703267439584865,1.24468165021118,-1.24468165021118,-0.812274914373904,0.812274914373904,1.49557012703997,-1.49557012703997,1.18789081393529,-1.18789081393529,-1.81604303426499,1.81604303426499,-0.367141737457847,0.367141737457847,-0.324989388315483,0.324989388315483,0.556577722998379,-0.556577722998379,0.0296289574340826,-0.0296289574340826,-1.42609743190326,1.42609743190326,0.437263096741396,-0.437263096741396,0.0359174526617163,-0.0359174526617163,0.674111833025517,-0.674111833025517,-0.444363783511858,0.444363783511858,0.399616446438401,-0.399616446438401,-0.621927056325622,0.621927056325622,-0.424075802246269,0.424075802246269,-0.747575887153744,0.747575887153744,0.106597854213782,-0.106597854213782,0.333060906613381,-0.333060906613381,0.165916419709523,-0.165916419709523,1.98023841317271,-1.98023841317271,-0.448829456178079,0.448829456178079,-0.292473548570956,0.292473548570956,0.0245092132528322,-0.0245092132528322,0.160918274580455,-0.160918274580455,-0.916651871412624,0.916651871412624,0.802163667408511,-0.802163667408511,1.66374582654743,-1.66374582654743,2.40848203437796,-2.40848203437796,-0.957541827681553,0.957541827681553,0.87197659297689,-0.87197659297689,0.941355941532141,-0.941355941532141,0.131976067115273,-0.131976067115273,0.966418472023049,-0.966418472023049,0.937589844492944,-0.937589844492944,0.530660653159128,-0.530660653159128,-0.188515703141521,0.188515703141521,-0.28304327143243,0.28304327143243,-0.901502542139994,0.901502542139994,0.0624515575503347,-0.0624515575503347,-1.11192485862109,1.11192485862109,0.894343546882906,-0.894343546882906,1.33793612376938,-1.33793612376938,-0.508116106897053,0.508116106897053,-1.09670271174069,1.09670271174069,-0.0468769112816928,0.0468769112816928,-2.15420645175857,2.15420645175857,0.572228242463928,-0.572228242463928,0.633129755952494,-0.633129755952494,0.389364486292425,-0.389364486292425,0.202584945976234,-0.202584945976234,-1.33159053737781,1.33159053737781,1.49587401689312,-1.49587401689312,-0.0284443153198532,0.0284443153198532,1.55069704531004,-1.55069704531004,-0.773018083325227,0.773018083325227,-0.361392200048463,0.361392200048463,0.572912701313291,-0.572912701313291,0.170230346647028,-0.170230346647028,-1.63983092261657,1.63983092261657,0.858630944343979,-0.858630944343979,-0.0338051297289901,0.0338051297289901,-0.870151094520372,0.870151094520372,0.0925984394339893,-0.0925984394339893,1.91001291880435,-1.91001291880435,0.302470948179431,-0.302470948179431,0.913130550968867,-0.913130550968867,0.560296125020043,-0.560296125020043,-0.918696174886126,0.918696174886126,-0.120169202259182,0.120169202259182,0.149645717564387,-0.149645717564387,0.957686616226726,-0.957686616226726,0.737145313884011,-0.737145313884011,1.00996036250411,-1.00996036250411,1.62981573810283,-1.62981573810283,-0.648310594687833,0.648310594687833,-3.0102795593139,3.0102795593139,1.86684729045878,-1.86684729045878,0.182774334149631,-0.182774334149631,-0.0415532570928469,0.0415532570928469,-0.938017639403862,0.938017639403862,0.417202314543453,-0.417202314543453,-0.335341260275455,0.335341260275455,1.01443352645048,-1.01443352645048,1.07245503876367,-1.07245503876367,1.63857854867356,-1.63857854867356,1.02934050586632,-1.02934050586632,-0.898395121867782,0.898395121867782,-0.218367235005009,0.218367235005009,0.287038895839162,-0.287038895839162,-0.687988019964601,0.687988019964601,-1.28221395036398,1.28221395036398,-0.175779204491441,0.175779204491441,2.13775210624244,-2.13775210624244,0.53005818579907,-0.53005818579907,0.581443063451934,-0.581443063451934,-0.163932165827699,0.163932165827699,-0.717823167628354,0.717823167628354,2.28392511049602,-2.28392511049602,0.790541738939955,-0.790541738939955,-0.173162094392129,0.173162094392129,2.27339190799477,-2.27339190799477,-0.758846190704495,0.758846190704495,0.465335519627301,-0.465335519627301,-1.28603735809082,1.28603735809082,-0.213935319159526,0.213935319159526,-0.274224058226948,0.274224058226948,-1.734864197684,1.734864197684,-0.878660496444165,0.878660496444165,0.646412118711495,-0.646412118711495,1.49202754332976,-1.49202754332976,1.62479424274694,-1.62479424274694,0.387850883630498,-0.387850883630498,1.05440179848022,-1.05440179848022,-1.28835996524684,1.28835996524684,0.777720053255081,-0.777720053255081,0.707716455055428,-0.707716455055428,0.329924076268125,-0.329924076268125,-0.299293751558503,0.299293751558503,-1.69287127854943,1.69287127854943,-1.73702849588191,1.73702849588191,0.359388822431941,-0.359388822431941,0.954132006379503,-0.954132006379503,0.348623839627584,-0.348623839627584,-0.319918230463209,0.319918230463209,-0.399546674879744,0.399546674879744,-0.193363960708395,0.193363960708395,-0.113013501402547,0.113013501402547,-1.42854254014749,1.42854254014749,1.00661447898606,-1.00661447898606,-1.43028166758047,1.43028166758047,0.262845577692508,-0.262845577692508,0.342343769695138,-0.342343769695138,1.19157802309832,-1.19157802309832,1.53872155806665,-1.53872155806665,-0.844296131068219,0.844296131068219,-0.693382903457029,0.693382903457029,0.18774978921472,-0.18774978921472,-0.44582954892432,0.44582954892432,0.620557328980095,-0.620557328980095,-0.528555647215558,0.528555647215558,0.248238065478824,-0.248238065478824,0.98551365513481,-0.98551365513481,1.27689082243607,-1.27689082243607,-1.20604035338084,1.20604035338084,0.519681751206134,-0.519681751206134,1.10715339489721,-1.10715339489721,-0.625009821242504,0.625009821242504,1.01082717639809,-1.01082717639809,0.911419803086729,-0.911419803086729,0.118663621083077,-0.118663621083077,1.1263111094106,-1.1263111094106,0.675886703722891,-0.675886703722891,-0.834757361859984,0.834757361859984,-0.870578028261699,0.870578028261699,0.289950057441125,-0.289950057441125,-0.679077034305562,0.679077034305562,0.000631638754694933,-0.000631638754694933,-0.745858235972703,0.745858235972703,-1.02197604510388,1.02197604510388,0.518607585043574,-0.518607585043574,-0.151990426218416,0.151990426218416,1.7619203827738,-1.7619203827738,0.269627985758975,-0.269627985758975,1.38466758814636,-1.38466758814636,0.642067478916364,-0.642067478916364,0.211086918741495,-0.211086918741495,0.168596471197408,-0.168596471197408,1.55349988235872,-1.55349988235872,-0.892204502709613,0.892204502709613,-0.345215383072771,0.345215383072771,0.959889589703633,-0.959889589703633,-1.8813833816546,1.8813833816546,-1.20661033044879,1.20661033044879,-1.59134010754051,1.59134010754051,0.321810680929321,-0.321810680929321,0.743753908289807,-0.743753908289807,-0.255398888944708,0.255398888944708,-0.0300162223786384,0.0300162223786384,0.172756146059816,-0.172756146059816,-1.35701304251487,1.35701304251487,-1.01624217502708,1.01624217502708,-0.709463089334621,0.709463089334621,0.202291089971073,-0.202291089971073,-0.337582866450061,0.337582866450061,0.0195040108524177,-0.0195040108524177,1.62600333410159,-1.62600333410159,-0.115394002955459,0.115394002955459,1.13565343936354,-1.13565343936354,0.693819723379431,-0.693819723379431,-1.05428591110185,1.05428591110185,-1.13853470923719,1.13853470923719,-1.35816197514895,1.35816197514895,0.0171727404300208,-0.0171727404300208,-2.25232665045045,2.25232665045045,-1.16324642366925,1.16324642366925,-0.609670465041298,0.609670465041298,0.685853101705163,-0.685853101705163,0.473102320088292,-0.473102320088292,-0.28229122038236,0.28229122038236,-1.49637847674493,1.49637847674493,0.685187127285201,-0.685187127285201,-0.399973374352481,0.399973374352481,0.180021914783666,-0.180021914783666,1.27390355505386,-1.27390355505386,-0.509755346521571,0.509755346521571,0.327844583352154,-0.327844583352154,-0.645434093309674,0.645434093309674,0.0889799802221689,-0.0889799802221689,-0.713132534701669,0.713132534701669,1.11457109892268,-1.11457109892268,-0.579913673617838,0.579913673617838,-0.238894711380612,0.238894711380612,-1.60747674493091,1.60747674493091,-0.772820234022364,0.772820234022364,-1.50562496837782,1.50562496837782,-1.06974850093395,1.06974850093395,0.550679701064569,-0.550679701064569,-1.44669691210236,1.44669691210236,-0.139777412576283,0.139777412576283,-0.12408994681864,0.12408994681864,0.455901232532474,-0.455901232532474,0.976612866492304,-0.976612866492304,0.820116447623703,-0.820116447623703,-0.163801041083856,0.163801041083856,-1.56108702384888,1.56108702384888,-0.70831543225612,0.70831543225612,1.76813711637204,-1.76813711637204,-0.416140076274278,0.416140076274278,0.416514523396564,-0.416514523396564,-1.19509104180197,1.19509104180197,0.239907105228667,-0.239907105228667,-0.899789615116795,0.899789615116795,-0.187214347082788,0.187214347082788,0.390662973550616,-0.390662973550616,0.157498859285829,-0.157498859285829,2.30182562562191,-2.30182562562191,0.991949908756446,-0.991949908756446,0.223495828590447,-0.223495828590447,1.64579511194432,-1.64579511194432,0.404105118133107,-0.404105118133107,-0.0921042794924006,0.0921042794924006,0.561841577229459,-0.561841577229459,-0.349295290244173,0.349295290244173,0.923070848799754,-0.923070848799754,1.06290996032043,-1.06290996032043,-1.85941975365612,1.85941975365612,-0.591127823066687,0.591127823066687,0.107096791274346,-0.107096791274346,2.03237468055105,-2.03237468055105,-0.428873510642493,0.428873510642493,1.38754257748859,-1.38754257748859,0.384703981083326,-0.384703981083326,0.0949289745682836,-0.0949289745682836,0.55954713666332,-0.55954713666332,0.962973691831474,-0.962973691831474,1.15594456307418,-1.15594456307418,-0.502906285268237,0.502906285268237,-0.996689930295233,0.996689930295233,-1.22618715708025,1.22618715708025,0.451676814352648,-0.451676814352648,1.55648388611542,-1.55648388611542,0.518867291498658,-0.518867291498658,0.648461028972314,-0.648461028972314,-0.701148158108598,0.701148158108598,-0.0976376146004292,0.0976376146004292,-1.11872326015107,1.11872326015107,-1.40819600235404,1.40819600235404,-0.663060973528681,0.663060973528681,-0.542019923571227,0.542019923571227,0.732201043203158,-0.732201043203158,-0.762606404801939,0.762606404801939,0.0770225724915375,-0.0770225724915375,0.474541068247054,-0.474541068247054,1.06008142448399,-1.06008142448399,0.387829330410238,-0.387829330410238,-0.307526845486326,0.307526845486326,0.588047296396188,-0.588047296396188,0.78381049087028,-0.78381049087028,-0.208505794935411,0.208505794935411,1.28727631632738,-1.28727631632738,-0.226416258339966,0.226416258339966,-0.014648955903961,0.014648955903961,-0.705376470741398,0.705376470741398,-0.227346975465961,0.227346975465961,-1.72300554149712,1.72300554149712,-0.185562758930439,0.185562758930439,1.51234298944906,-1.51234298944906,1.59943790317219,-1.59943790317219,-0.477088295826253,0.477088295826253,-0.896715720847173,0.896715720847173,0.436717037243179,-0.436717037243179,0.305177821740779,-0.305177821740779,-0.848467119721827,0.848467119721827,-0.559463054324541,0.559463054324541,0.366181596458245,-0.366181596458245,-0.16776499639644,0.16776499639644,2.24263711412658,-2.24263711412658,-0.42921144988512,0.42921144988512,-0.347970613591671,0.347970613591671,0.329240563621345,-0.329240563621345,1.04805483707108,-1.04805483707108,-0.313068810494154,0.313068810494154,0.0282610784829196,-0.0282610784829196,1.99568047703618,-1.99568047703618,-0.561946379605274,0.561946379605274,-0.0642719436063977,0.0642719436063977,0.995229785009319,-0.995229785009319,0.326510260811212,-0.326510260811212,1.27356121674789,-1.27356121674789,-1.85296945182099,1.85296945182099,-0.0518615063066777,0.0518615063066777,-0.748551611433006,0.748551611433006,-1.7552074382823,1.7552074382823,-1.08176488844432,1.08176488844432,-1.95347924501208,1.95347924501208,-0.555325268959076,0.555325268959076,0.876494033551158,-0.876494033551158,-0.950309344987889,0.950309344987889,-0.372284308209939,0.372284308209939,0.965438475723413,-0.965438475723413,0.21088212016792,-0.21088212016792,-0.0533107382862583,0.0533107382862583,1.34750010783972,-1.34750010783972,-0.792945932929992,0.792945932929992,0.581245527197333,-0.581245527197333,-0.974427533767823,0.974427533767823,-0.0663792641184789,0.0663792641184789,-0.36150027585368,0.36150027585368,-1.43924402848623,1.43924402848623,0.24952151724272,-0.24952151724272,1.49052155120365,-1.49052155120365,1.31737198465075,-1.31737198465075,-0.38577850852108,0.38577850852108,-1.88037057668089,1.88037057668089,-1.59948863725562,1.59948863725562,1.10429848205064,-1.10429848205064,-0.749246002756522,0.749246002756522,0.381473307527227,-0.381473307527227,0.0122245900669531,-0.0122245900669531,0.747825473793895,-0.747825473793895,-0.393653456656125,0.393653456656125,-1.70065751453004,1.70065751453004,0.876788160829815,-0.876788160829815,0.817621742549217,-0.817621742549217,-1.05145083432113,1.05145083432113,-0.53547206920368,0.53547206920368,0.128973473676256,-0.128973473676256,0.8246396931316,-0.8246396931316,-0.461293136288007,0.461293136288007,-1.78365774730064,1.78365774730064,1.38238443280711,-1.38238443280711,1.13877049983111,-1.13877049983111,-1.1193059751965,1.1193059751965,0.640031337140981,-0.640031337140981,-0.268132252440599,0.268132252440599,0.96811117047623,-0.96811117047623,0.527120693349284,-0.527120693349284,-0.237081938255136,0.237081938255136,0.575975048890838,-0.575975048890838,-1.96788008375175,1.96788008375175,0.600886285738266,-0.600886285738266,0.215700989355934,-0.215700989355934,0.848363893756662,-0.848363893756662,1.13765218143989,-1.13765218143989,2.39519865165547,-2.39519865165547,-2.01324774716102,2.01324774716102,-2.78637573972257,2.78637573972257,1.34239231355587,-1.34239231355587,-0.58712344808063,0.58712344808063,0.490548991276581,-0.490548991276581,-0.429922007660562,0.429922007660562,-0.480035412770934,0.480035412770934,-2.18740758062582,2.18740758062582,-0.320219131045927,0.320219131045927,0.544360825631078,-0.544360825631078,0.506421743939214,-0.506421743939214,0.394875401749703,-0.394875401749703,-0.611106547370618,0.611106547370618,-1.4557779657207,1.4557779657207,0.908475684354611,-0.908475684354611,0.874339959805108,-0.874339959805108,0.366984017879655,-0.366984017879655,1.45278553986354,-1.45278553986354,-1.00509267258079,1.00509267258079,-1.27733525055311,1.27733525055311,1.24310614307594,-1.24310614307594,-1.45478365845881,1.45478365845881,0.357499575789698,-0.357499575789698,0.796084322849518,-0.796084322849518,-1.261334993387,1.261334993387,-0.721808823324669,0.721808823324669,0.32057985330638,-0.32057985330638,0.312210872280151,-0.312210872280151,1.42871817585017,-1.42871817585017,0.123741988092074,-0.123741988092074,-1.45955376797943,1.45955376797943,1.09432711067997,-1.09432711067997,0.415913546403588,-0.415913546403588,-0.522636295025281,0.522636295025281,-1.92676502867522,1.92676502867522,-0.45699993524975,0.45699993524975,0.873397670179328,-0.873397670179328,-0.129544744521524,0.129544744521524,-1.0562488682475,1.0562488682475,0.259734716360297,-0.259734716360297,-0.308845101730133,0.308845101730133,2.27240550251448,-2.27240550251448,-1.73610798383455,1.73610798383455,-0.204105457961481,0.204105457961481,-0.251416460942944,0.251416460942944,-0.140979935258503,0.140979935258503,-0.690951338284204,0.690951338284204,0.0605956569568219,-0.0605956569568219,-0.924644082666706,0.924644082666706,1.08570248983183,-1.08570248983183,0.781690067296146,-0.781690067296146,-0.58886852042493,0.58886852042493,0.710854546806697,-0.710854546806697,1.4137146303144,-1.4137146303144,0.973380293018826,-0.973380293018826,0.927720182248368,-0.927720182248368,-2.89715750015617,2.89715750015617,-0.695303153107918,0.695303153107918,1.08478820692432,-1.08478820692432,-1.06208198515429,1.06208198515429,-0.0331538818991381,0.0331538818991381,0.0454687032727145,-0.0454687032727145,-0.69111993216433,0.69111993216433,1.57972915239128,-1.57972915239128,-0.337459157848887,0.337459157848887,0.762558664941358,-0.762558664941358,-0.330568356567052,0.330568356567052,-1.11719159030767,1.11719159030767,-1.43774157928657,1.43774157928657,1.03491481464094,-1.03491481464094,-0.542647891681989,0.542647891681989,-2.0475225983108,2.0475225983108,1.43231840847122,-1.43231840847122,-1.44601489634328,1.44601489634328,2.31000735032786,-2.31000735032786,-0.903082686837601,0.903082686837601,-0.260467679235524,0.260467679235524,1.12639203032307,-1.12639203032307,-0.611731426992174,0.611731426992174,-1.17077631166845,1.17077631166845,1.98061602733522,-1.98061602733522,0.542131623861643,-0.542131623861643,-0.391525606556154,0.391525606556154,-0.206103177891421,0.206103177891421,0.53181694002347,-0.53181694002347,0.269794141722908,-0.269794141722908,0.503347775223434,-0.503347775223434,-1.42624529622446,1.42624529622446,-2.15543409993544,2.15543409993544,1.38188043365246,-1.38188043365246,-1.2005848677317,1.2005848677317,1.26428622854113,-1.26428622854113,-0.904214460563853,0.904214460563853,-0.824311824205455,0.824311824205455,0.481320577057365,-0.481320577057365,1.04880666041254,-1.04880666041254,0.209005032729781,-0.209005032729781,-1.06862410502663,1.06862410502663,-0.347840534545528,0.347840534545528,0.791439907573195,-0.791439907573195,-0.457829379951809,0.457829379951809,0.773592230701154,-0.773592230701154,-0.464191727279899,0.464191727279899,-1.37435786141714,1.37435786141714,-0.0464879987620576,0.0464879987620576,-0.649975494419105,0.649975494419105,2.35101158035037,-2.35101158035037,2.11190545806494,-2.11190545806494,0.0923105608194398,-0.0923105608194398,-2.25138320839329,2.25138320839329,0.684891176260148,-0.684891176260148,-0.341290634448595,0.341290634448595,1.17792898659873,-1.17792898659873,0.530389123112911,-0.530389123112911,0.48230472131438,-0.48230472131438,-1.06699783990643,1.06699783990643,0.251443435443309,-0.251443435443309,-0.109670052557878,0.109670052557878,-0.494135043037961,0.494135043037961,1.35394740057397,-1.35394740057397,1.8319557426417,-1.8319557426417,0.87194642030456,-0.87194642030456,-0.548607124600081,0.548607124600081,1.33048470077883,-1.33048470077883,0.128844550141174,-0.128844550141174,-3.16984894021591,3.16984894021591,-0.658482404314773,0.658482404314773,0.0722394860029482,-0.0722394860029482,-0.170725073796715,0.170725073796715,-1.11493972242745,1.11493972242745,0.069374203942224,-0.069374203942224,0.776095247459992,-0.776095247459992,0.814418382473924,-0.814418382473924,-1.88286758600425,1.88286758600425,0.357674751460403,-0.357674751460403,0.23873772199312,-0.23873772199312,0.257063138820201,-0.257063138820201,-0.792281149152317,0.792281149152317,0.449888262561436,-0.449888262561436,-0.754454493542574,0.754454493542574,1.29612701917368,-1.29612701917368,-0.731515948305682,0.731515948305682,-1.19921236432747,1.19921236432747,-1.77240340587795,1.77240340587795,0.947710788847579,-0.947710788847579,0.671081057309043,-0.671081057309043,-2.12719676373676,2.12719676373676,-0.645211797695061,0.645211797695061,1.69039994410895,-1.69039994410895,1.61324491170865,-1.61324491170865,-0.127555630775758,0.127555630775758,0.222933273967462,-0.222933273967462,1.0254967778778,-1.0254967778778,-0.694071106229826,0.694071106229826,-0.800713070124716,0.800713070124716,-0.0907440751206716,0.0907440751206716,0.0534172622773384,-0.0534172622773384,1.28295884815253,-1.28295884815253,0.494861664482102,-0.494861664482102,1.37260804578028,-1.37260804578028,-0.831655248845978,0.831655248845978,0.168610748176074,-0.168610748176074,-0.881641702429726,0.881641702429726,-0.0930532065210889,0.0930532065210889,-1.79999425705191,1.79999425705191,0.488200127283885,-0.488200127283885,0.243053755880601,-0.243053755880601,-0.880418326223525,0.880418326223525,0.11619790869569,-0.11619790869569,-0.0454447373967747,0.0454447373967747,0.290166007015568,-0.290166007015568,1.00652743784711,-1.00652743784711,0.422573489218658,-0.422573489218658,-0.623461856759315,0.623461856759315,-0.437387448393032,0.437387448393032,-0.586161540407919,0.586161540407919,0.205377148126323,-0.205377148126323,-0.332091054917839,0.332091054917839,-0.133247286135697,0.133247286135697,-1.11188886776491,1.11188886776491,0.149643108657064,-0.149643108657064,-0.67357355053605,0.67357355053605,-0.982717335709973,0.982717335709973,-0.437013239341127,0.437013239341127,0.22899602463569,-0.22899602463569,-0.708083550665156,0.708083550665156,0.704908594609432,-0.704908594609432,0.937484873832093,-0.937484873832093,-0.132125916916482,0.132125916916482,0.590033504599128,-0.590033504599128,3.6197096719736,-3.6197096719736,1.18327226813801,-1.18327226813801,0.691536094534649,-0.691536094534649,-0.0104727186702249,0.0104727186702249,1.00027954441661,-1.00027954441661,-0.853536861058849,0.853536861058849,0.712785542671634,-0.712785542671634,-2.62866739713836,2.62866739713836,-1.49726752142441,1.49726752142441,-1.75820314741592,1.75820314741592,0.522733233695881,-0.522733233695881,0.00171423949779665,-0.00171423949779665,-0.20407582830367,0.20407582830367,0.112289394510834,-0.112289394510834,-0.0514861186355169,0.0514861186355169,-0.0908411967403012,0.0908411967403012,-0.269172964656769,0.269172964656769,0.969072027101651,-0.969072027101651,-0.188155394907862,0.188155394907862,-0.815222428401593,0.815222428401593,-0.837922932935352,0.837922932935352,-0.016991941464843,0.016991941464843,-0.173316711963102,0.173316711963102,0.490341544088265,-0.490341544088265,0.152444857700212,-0.152444857700212,-0.646121509209799,0.646121509209799,-1.54171197580224,1.54171197580224,-1.33224501924765,1.33224501924765,0.37763552738237,-0.37763552738237,-0.398389562615531,0.398389562615531,0.49410766945149,-0.49410766945149,-0.41911500076613,0.41911500076613,2.0353302517093,-2.0353302517093,0.0806303696643366,-0.0806303696643366,-0.325820408341919,0.325820408341919,1.04342993891921,-1.04342993891921,-0.804197987551065,0.804197987551065,-1.1349429290211,1.1349429290211,0.0144916065373262,-0.0144916065373262,0.178615622581545,-0.178615622581545,1.16923514620324,-1.16923514620324,1.15471873602353,-1.15471873602353,-0.103158621588467,0.103158621588467,0.951943208813276,-0.951943208813276,1.22593333166322,-1.22593333166322,-0.0933538559755318,0.0933538559755318,-0.68286976881555,0.68286976881555,0.186252368627387,-0.186252368627387,0.264444562668968,-0.264444562668968,-0.700301246419318,0.700301246419318,0.944932508970213,-0.944932508970213,-0.377110986115882,0.377110986115882,1.27823791987587,-1.27823791987587,-0.846849374626663,0.846849374626663,-0.340193004122615,0.340193004122615,-1.65811246957089,1.65811246957089,0.776509237856707,-0.776509237856707,1.53101388773574,-1.53101388773574,0.618346470959275,-0.618346470959275,-0.554616729755643,0.554616729755643,0.659011133498233,-0.659011133498233,0.351794786116951,-0.351794786116951,0.0581804168978663,-0.0581804168978663,-0.817537219781717,0.817537219781717,0.404191601050932,-0.404191601050932,-0.125798237649107,0.125798237649107,-1.53037336823047,1.53037336823047,1.47246218808422,-1.47246218808422,-1.34440077365237,1.34440077365237,0.70451542206739,-0.70451542206739,-0.0831533996426324,0.0831533996426324,-0.0731463290571681,0.0731463290571681,-0.479115400992922,0.479115400992922,-0.502520604346773,0.502520604346773,0.263861902285189,-0.263861902285189,0.953411503830564,-0.953411503830564,0.34785969046671,-0.34785969046671,-1.99738336777135,1.99738336777135,0.0737888062145452,-0.0737888062145452,-1.41367107869202,1.41367107869202,-0.238604527264337,0.238604527264337,0.60373606651678,-0.60373606651678,-1.38441803101486,1.38441803101486,-1.61529271691993,1.61529271691993,0.925572739680722,-0.925572739680722,0.301582471891341,-0.301582471891341,1.76789331520529,-1.76789331520529,-0.0910293738976175,0.0910293738976175,-1.78983284095322,1.78983284095322,0.453409586239406,-0.453409586239406,1.65895244791488,-1.65895244791488,0.422857184983249,-0.422857184983249,-1.33102256972959,1.33102256972959,0.390598930486163,-0.390598930486163,-1.19800418948714,1.19800418948714,-0.119997704441587,0.119997704441587,-1.80921928462366,1.80921928462366,0.440965279479329,-0.440965279479329,-0.0413577137966399,0.0413577137966399,-0.14986790967752,0.14986790967752,-0.706932517668597,0.706932517668597,-0.536923961032303,0.536923961032303,0.105520371213919,-0.105520371213919,-0.805845922117656,0.805845922117656,0.666021957992727,-0.666021957992727,1.80501008542626,-1.80501008542626,-1.1503317593047,1.1503317593047,-1.48641978749465,1.48641978749465,0.391785329347996,-0.391785329347996,0.684678892656805,-0.684678892656805,-0.186525687370812,0.186525687370812,0.318153704995954,-0.318153704995954,0.422669740087841,-0.422669740087841,1.35360194853587,-1.35360194853587,-0.944023331072806,0.944023331072806,-1.18456607544615,1.18456607544615,0.154859875474095,-0.154859875474095,0.262913349043594,-0.262913349043594,1.60054681344611,-1.60054681344611,0.429564905915408,-0.429564905915408,-0.0454682076649429,0.0454682076649429,0.43211572772143,-0.43211572772143,-0.573280071332772,0.573280071332772,-0.342846603767358,0.342846603767358,0.130746432352959,-0.130746432352959,-0.292409399644272,0.292409399644272,0.935319199236375,-0.935319199236375,0.486859934549487,-0.486859934549487,1.3041599662963,-1.3041599662963,-1.12510060911726,1.12510060911726,-0.59763043805285,0.59763043805285,-0.943539906352751,0.943539906352751,-0.398978354495915,0.398978354495915,0.78412779810597,-0.78412779810597,-0.985554429761879,0.985554429761879,-1.10080730070052,1.10080730070052,-1.06379959754918,1.06379959754918,0.681033808795843,-0.681033808795843,1.56552760895814,-1.56552760895814,0.322554604328818,-0.322554604328818,-0.0962421945210615,0.0962421945210615,-0.469403898908318,0.469403898908318,0.577506197475403,-0.577506197475403,-0.00713758923600514,0.00713758923600514,2.38921502899581,-2.38921502899581,0.927182668262364,-0.927182668262364,-1.21518834312695,1.21518834312695,-0.786549572027975,0.786549572027975,-0.77653836232297,0.77653836232297,1.17243472006262,-1.17243472006262,2.43279514793501,-2.43279514793501,-1.48192756349637,1.48192756349637,1.31493711923317,-1.31493711923317,-0.232788687378276,0.232788687378276,1.40739217467333,-1.40739217467333,0.270534772100564,-0.270534772100564,-0.537433031700865,0.537433031700865,1.30322008318744,-1.30322008318744,0.286779997877571,-0.286779997877571,0.0602524360695408,-0.0602524360695408,0.941584340448137,-0.941584340448137,0.537884901445922,-0.537884901445922,-0.35438787609878,0.35438787609878,0.685462401012569,-0.685462401012569,0.65100056290759,-0.65100056290759,0.972018973497416,-0.972018973497416,0.244167470507634,-0.244167470507634,-0.0879642000741723,0.0879642000741723,-0.250427522808085,0.250427522808085,-0.151625718720315,0.151625718720315,-1.77497860013268,1.77497860013268,1.52735177056201,-1.52735177056201,0.795586128799732,-0.795586128799732,0.0177741323821411,-0.0177741323821411,-0.504034283415948,0.504034283415948,0.379793540187783,-0.379793540187783,-1.7149140759008,1.7149140759008,-0.835391873063519,0.835391873063519,-1.39741094614339,1.39741094614339,1.00133741423257,-1.00133741423257,-1.90464815812633,1.90464815812633,-0.270255846372375,0.270255846372375,0.116947579813876,-0.116947579813876,0.0858163305099132,-0.0858163305099132,-0.6432116103887,0.6432116103887,-0.677213463273789,0.677213463273789,-0.269743008868568,0.269743008868568,1.28779783404066,-1.28779783404066,-0.262013992571595,0.262013992571595,-0.435695753119951,0.435695753119951,0.638035868001217,-0.638035868001217,-0.486653536119199,0.486653536119199,-1.09073095969818,1.09073095969818,-1.33832538007081,1.33832538007081,0.987875667356752,-0.987875667356752,0.6513931186377,-0.6513931186377,-0.00178617068180238,0.00178617068180238,2.02969669977059,-2.02969669977059,0.0687824326333067,-0.0687824326333067,0.667002342376653,-0.667002342376653,-0.332994800855001,0.332994800855001,-0.846421467865814,0.846421467865814,-1.2847568528316,1.2847568528316,0.560888018700618,-0.560888018700618,0.0600320532252097,-0.0600320532252097,-0.791712545278462,0.791712545278462,1.21169414167249,-1.21169414167249,-1.0032614764855,1.0032614764855,1.24852285845273,-1.24852285845273,-0.901225423798103,0.901225423798103,1.38975159031565,-1.38975159031565,-0.958330706843096,0.958330706843096,-0.0257318342066184,0.0257318342066184,-0.241649263016648,0.241649263016648,-0.487540460802422,0.487540460802422,-0.489037854970161,0.489037854970161,-1.37157490407836,1.37157490407836,0.256720832470366,-0.256720832470366,0.590817682049834,-0.590817682049834,-0.292998193475397,0.292998193475397,0.480706354108571,-0.480706354108571,0.135987913670008,-0.135987913670008,-2.86399301379256,2.86399301379256,0.449892661073166,-0.449892661073166,-0.0463638029204107,0.0463638029204107,-0.788047352692121,0.788047352692121,-1.22000910609142,1.22000910609142,-0.910175496392209,0.910175496392209,0.413220892115311,-0.413220892115311,-0.521703295356685,0.521703295356685,0.87476033187797,-0.87476033187797,-1.81120524922514,1.81120524922514,1.00734173681129,-1.00734173681129,1.65040942909577,-1.65040942909577,-0.0392945502320779,0.0392945502320779,-0.831673052698096,0.831673052698096,-0.92126550989242,0.92126550989242,0.327437195737433,-0.327437195737433,0.106075468140115,-0.106075468140115,-0.266852539494002,0.266852539494002,-1.71550071395313,1.71550071395313,-0.276251670502649,0.276251670502649,-0.974556690192254,0.974556690192254,-0.616036774688519,0.616036774688519,1.64842520824934,-1.64842520824934,-0.355781098066024,0.355781098066024,1.73107340322291,-1.73107340322291,0.049284404176828,-0.049284404176828,1.0341348641838,-1.0341348641838,0.865114568491679,-0.865114568491679,0.0990147771960024,-0.0990147771960024,0.767488490465878,-0.767488490465878,-0.9642182452785,0.9642182452785,0.852154529769337,-0.852154529769337,-0.367656297163118,0.367656297163118,1.16174936458743,-1.16174936458743,1.98677041316545,-1.98677041316545,0.210375986646907,-0.210375986646907,0.499254232830735,-0.499254232830735,-1.26708475527161,1.26708475527161,0.537233842869918,-0.537233842869918,-0.688375056380058,0.688375056380058,-0.246722091278632,0.246722091278632,1.01001867932183,-1.01001867932183,0.0559821766074497,-0.0559821766074497,-0.293366635705946,0.293366635705946,-0.991150984335668,0.991150984335668,-0.336226597141049,0.336226597141049,-0.346374126062771,0.346374126062771,-0.0013034643167414,0.0013034643167414,-0.275693553959398,0.275693553959398,-2.11629141680575,2.11629141680575,0.483144313943979,-0.483144313943979,1.09411990283437,-1.09411990283437,0.786329165542981,-0.786329165542981,-0.63057791817187,0.63057791817187,-0.731976510098339,0.731976510098339,0.772102507115254,-0.772102507115254,-0.536365873199484,0.536365873199484,-0.845958467107942,0.845958467107942,-0.770779954044645,0.770779954044645,1.42159663813023,-1.42159663813023,-1.00292239431314,1.00292239431314,0.804216230253165,-0.804216230253165,-1.98776421589574,1.98776421589574,-1.60215149789111,1.60215149789111,-1.57933798117402,1.57933798117402,0.044184263712365,-0.044184263712365,0.0805790257142291,-0.0805790257142291,-1.61226555889027,1.61226555889027,0.371126727297951,-0.371126727297951,-0.83703047984341,0.83703047984341,0.171316276809768,-0.171316276809768,0.837966891031165,-0.837966891031165,0.707310116253047,-0.707310116253047,0.261860421512191,-0.261860421512191,1.14158534081936,-1.14158534081936,-1.92214348207129,1.92214348207129,-0.174070146670504,0.174070146670504,-0.556726242002127,0.556726242002127,0.295561594710543,-0.295561594710543,-0.525036743901306,0.525036743901306,0.842301958707571,-0.842301958707571,0.274333294465236,-0.274333294465236,-1.79270595725407,1.79270595725407,-0.605624308583161,0.605624308583161,-0.38871467279006,0.38871467279006,0.163652634873254,-0.163652634873254,-0.967466158206337,0.967466158206337,0.794375635870797,-0.794375635870797,0.035754004078086,-0.035754004078086,1.09607145877619,-1.09607145877619,1.83412562883258,-1.83412562883258,-0.853406289770324,0.853406289770324,0.226084378247712,-0.226084378247712,0.685731726825172,-0.685731726825172,-0.426875538417857,0.426875538417857,-1.68482286201544,1.68482286201544,-0.661327604266943,0.661327604266943,-0.26811509408606,0.26811509408606,0.0550833615459769,-0.0550833615459769,-1.43234646966857,1.43234646966857,0.0734215608577741,-0.0734215608577741,-0.430396637374851,0.430396637374851,0.287002560389424,-0.287002560389424,0.119719785676643,-0.119719785676643,-0.513898977310239,0.513898977310239,-1.29760998016447,1.29760998016447,0.136058173949623,-0.136058173949623,-0.885433056459904,0.885433056459904,0.266979430899962,-0.266979430899962,0.644874903460261,-0.644874903460261,-1.41277964495905,1.41277964495905,-0.897443336678799,0.897443336678799,-1.63256624228554,1.63256624228554,0.630549819490474,-0.630549819490474,-0.134802960919134,0.134802960919134,1.37762042479683,-1.37762042479683,0.90481807530076,-0.90481807530076,-0.250609502426483,0.250609502426483,0.38607049658959,-0.38607049658959,-1.36852229282437,1.36852229282437,-0.236378977825356,0.236378977825356,-1.11779651606093,1.11779651606093,1.07864531781466,-1.07864531781466,-0.93975578024202,0.93975578024202,0.289287719281663,-0.289287719281663,0.973515757819871,-0.973515757819871,-0.145374153429277,0.145374153429277,0.578951925824885,-0.578951925824885,-0.481545003756795,0.481545003756795,0.244829930527303,-0.244829930527303,1.6803792665733,-1.6803792665733,0.802013311022347,-0.802013311022347,1.52267945882901,-1.52267945882901,0.0319546721099589,-0.0319546721099589,0.434780697660799,-0.434780697660799,0.451884922737763,-0.451884922737763,-0.725532363923034,0.725532363923034,-1.30117977970255,1.30117977970255,-0.181081874084491,0.181081874084491,-0.111619368173927,0.111619368173927,-0.000693920758011503,0.000693920758011503,-1.55715762892435,1.55715762892435,0.112180154061822,-0.112180154061822,0.845146299682184,-0.845146299682184,-0.861938402241222,0.861938402241222,1.53766051931694,-1.53766051931694,0.257654306106089,-0.257654306106089,1.08160454469992,-1.08160454469992,0.990251724379485,-0.990251724379485,0.518955844433241,-0.518955844433241,-1.0208659062591,1.0208659062591,0.845456213656857,-0.845456213656857,-0.17112646758951,0.17112646758951,-0.25239467391148,0.25239467391148,-1.0836462062648,1.0836462062648,-0.166953690332487,0.166953690332487,1.38081405109853,-1.38081405109853,-0.82228696362002,0.82228696362002,-0.710893872881863,0.710893872881863,-0.843895744744618,0.843895744744618,0.174493277022981,-0.174493277022981,0.736273494439429,-0.736273494439429,-0.96079570980595,0.96079570980595,-0.882939649084482,0.882939649084482,-2.50450028808448,2.50450028808448,-0.221316008603358,0.221316008603358,0.884322885468319,-0.884322885468319,-0.689106591608045,0.689106591608045,0.736861583196447,-0.736861583196447,-0.509066675114426,0.509066675114426,-0.567982816244985,0.567982816244985,-0.409673333475394,0.409673333475394,0.264195152488699,-0.264195152488699,-0.172630797721972,0.172630797721972,0.102603342704698,-0.102603342704698,-0.781522082979649,0.781522082979649,-0.432905724454618,0.432905724454618,-0.178948534177709,0.178948534177709,-2.43304451869405,2.43304451869405,-0.0308726991491445,0.0308726991491445,0.275207537550683,-0.275207537550683,-1.28757729261822,1.28757729261822,0.737692448086478,-0.737692448086478,0.913525687323924,-0.913525687323924,0.285776498097625,-0.285776498097625,1.06012748159982,-1.06012748159982,-0.822739812432349,0.822739812432349,-1.55065514048981,1.55065514048981,-1.02919202035288,1.02919202035288,-0.520738795524246,0.520738795524246,-0.481252688072502,0.481252688072502,1.17188025647073,-1.17188025647073,-1.07116501894152,1.07116501894152,0.415863650622429,-0.415863650622429,-0.0249067839395628,0.0249067839395628,-0.181176909407976,0.181176909407976,-0.481852786285207,0.481852786285207,0.82968417753969,-0.82968417753969,-2.22743637578462,2.22743637578462,0.438659824498914,-0.438659824498914,-0.955889377929447,0.955889377929447,-2.79226957970544,2.79226957970544,1.3461986968443,-1.3461986968443,0.119439017838166,-0.119439017838166,-1.69042792705839,1.69042792705839,1.70939284990315,-1.70939284990315,-0.385098937173167,0.385098937173167,-0.333895101077042,0.333895101077042,-0.197831577306066,0.197831577306066,0.137500409627666,-0.137500409627666,-0.379047598848941,0.379047598848941,-2.40730631198884,2.40730631198884,-0.578584101969071,0.578584101969071,-0.769448331852786,0.769448331852786,0.309601253068113,-0.309601253068113,1.22547112509834,-1.22547112509834,-0.31779955800581,0.31779955800581,0.714497772325735,-0.714497772325735,0.189140588862692,-0.189140588862692,0.427966200085076,-0.427966200085076,-1.21568140586123,1.21568140586123,-0.247726039809501,0.247726039809501,0.15602028667132,-0.15602028667132,-0.0857728517703214,0.0857728517703214,-0.159308460731687,0.159308460731687,0.432420826162916,-0.432420826162916,-1.84523551715936,1.84523551715936,-0.446436941924269,0.446436941924269,0.261711826553224,-0.261711826553224,0.598280236774998,-0.598280236774998,0.537115952422438,-0.537115952422438,1.17096354367863,-1.17096354367863,0.878924044120262,-0.878924044120262,1.00845313431783,-1.00845313431783,-0.30940266364334,0.30940266364334,0.574569147647861,-0.574569147647861,1.34188447223599,-1.34188447223599,-1.3363396320621,1.3363396320621,-0.800133401386643,0.800133401386643,-0.552646365788918,0.552646365788918,-0.391648251727954,0.391648251727954,-1.47086448240815,1.47086448240815,-0.274316079162687,0.274316079162687,-0.237314393884736,0.237314393884736,0.574377750115596,-0.574377750115596,0.80353574688173,-0.80353574688173,2.67990237296394,-2.67990237296394,0.490588357097729,-0.490588357097729,-0.463162015107114,0.463162015107114,0.912754268151909,-0.912754268151909,0.103675692198885,-0.103675692198885,-0.117119249869941,0.117119249869941,-1.73647125425915,1.73647125425915,-2.13996921537663,2.13996921537663,0.132322970659427,-0.132322970659427,-2.90322198012268,2.90322198012268,1.51856375321722,-1.51856375321722,-0.390505591924378,0.390505591924378,-0.78516625747187,0.78516625747187,-1.14640269339704,1.14640269339704,-0.214945266566498,0.214945266566498,-0.639081676119711,0.639081676119711,-0.354362810547947,0.354362810547947,-0.239493338509154,0.239493338509154,-1.97510649288276,1.97510649288276,0.289820103201271,-0.289820103201271,-0.275944382961319,0.275944382961319,-0.713844226510997,0.713844226510997,1.13224301600532,-1.13224301600532,0.465677054455158,-0.465677054455158,-1.62302853645443,1.62302853645443,-0.0373795242322783,0.0373795242322783,-0.533760360526253,0.533760360526253,0.320660271574526,-0.320660271574526,-2.56175152997127,2.56175152997127,0.382440992511015,-0.382440992511015,0.602250928476461,-0.602250928476461,-0.879109176771391,0.879109176771391,-1.02820890641864,1.02820890641864,-2.70147802512707,2.70147802512707,-1.71076412000353,1.71076412000353,0.208665073367701,-0.208665073367701,0.430310340170178,-0.430310340170178,1.26738916030337,-1.26738916030337,0.398554755339961,-0.398554755339961,0.795755266517273,-0.795755266517273,-0.864054923698505,0.864054923698505,-1.29016316196702,1.29016316196702,1.16303114304971,-1.16303114304971,-1.1189112535523,1.1189112535523,0.812498324596898,-0.812498324596898,-0.591215622348487,0.591215622348487,0.624075227792384,-0.624075227792384,-0.463270194957903,0.463270194957903,-1.87668901073003,1.87668901073003,0.950175974368542,-0.950175974368542,1.77286500572288,-1.77286500572288,1.2759347896011,-1.2759347896011,-0.080506412626085,0.080506412626085,0.891349035370807,-0.891349035370807,1.09942295415674,-1.09942295415674,0.262350973697172,-0.262350973697172,-2.16060057684686,2.16060057684686,-0.770557179754754,0.770557179754754,0.14511296602945,-0.14511296602945,-1.69253675648807,1.69253675648807,0.0507493887434335,-0.0507493887434335,-0.603269899773642,0.603269899773642,-0.245077053551685,0.245077053551685,1.49913257814331,-1.49913257814331,0.152014225828194,-0.152014225828194,-0.350979669965066,0.350979669965066,2.2345387738145,-2.2345387738145,-1.9945274376805,1.9945274376805,0.116775270376087,-0.116775270376087,-1.18208657781462,1.18208657781462,2.07683206982914,-2.07683206982914,0.666115713480306,-0.666115713480306,1.39958866828324,-1.39958866828324,-0.836552108610732,0.836552108610732,0.0942894489630427,-0.0942894489630427,0.778837882021737,-0.778837882021737,0.176838561449829,-0.176838561449829,-1.42712832741632,1.42712832741632,0.03238412775643,-0.03238412775643,-1.28303371412626,1.28303371412626,0.548545271585392,-0.548545271585392,0.758366514096935,-0.758366514096935,-1.23015524576585,1.23015524576585,-0.412575789906597,0.412575789906597,0.0847201365439861,-0.0847201365439861,0.0499110245405054,-0.0499110245405054,1.09403667479801,-1.09403667479801,1.20801147141037,-1.20801147141037,0.714715502716498,-0.714715502716498,0.103581146374255,-0.103581146374255,0.229716026873821,-0.229716026873821,2.47341285746339,-2.47341285746339,-0.214014257356352,0.214014257356352,0.584812302228924,-0.584812302228924,-0.579889356922148,0.579889356922148,0.358975592091109,-0.358975592091109,1.80647016567193,-1.80647016567193,-0.242575483753928,0.242575483753928,0.199440521097785,-0.199440521097785,-1.51878248335103,1.51878248335103,-0.603203338056759,0.603203338056759,1.09643852131246,-1.09643852131246,1.3714120517608,-1.3714120517608,-0.0113479856152938,0.0113479856152938,-0.469360797234467,0.469360797234467,-0.98464503227087,0.98464503227087,-0.0146255557164488,0.0146255557164488,0.466276757513595,-0.466276757513595,-1.01263429305961,1.01263429305961,-0.583446181317424,0.583446181317424,-1.48973322841302,1.48973322841302,-0.346133954890767,0.346133954890767,1.20781574899577,-1.20781574899577,0.636407840491794,-0.636407840491794,-0.0349600661893575,0.0349600661893575,-1.34070049796649,1.34070049796649,1.07097594145229,-1.07097594145229,2.73681751314836,-2.73681751314836,-0.238150916264262,0.238150916264262,-1.30611912921283,1.30611912921283,0.749315595629377,-0.749315595629377,-1.91711619828249,1.91711619828249,-1.07792250920726,1.07792250920726,0.721012911636426,-0.721012911636426,-0.509717175382181,0.509717175382181,0.643682389974484,-0.643682389974484,0.744430533188554,-0.744430533188554,-0.691796969598714,0.691796969598714,-0.270289780583297,0.270289780583297,-2.53618242388479,2.53618242388479,1.78364559595351,-1.78364559595351,-0.0874199974482274,0.0874199974482274,-0.342083440783592,0.342083440783592,-1.22219280854466,1.22219280854466,0.477104097538275,-0.477104097538275,-0.0144705411033617,0.0144705411033617,0.711339284929464,-0.711339284929464,-0.502329407859718,0.502329407859718,0.379403918094414,-0.379403918094414,0.50075831495684,-0.50075831495684,-1.5706705127318,1.5706705127318,-0.650576828502515,0.650576828502515,-0.083679203902537,0.083679203902537,-0.361092507044032,0.361092507044032,-1.31926062538404,1.31926062538404,-0.799073258723374,0.799073258723374,-2.42276935096011,2.42276935096011,-1.16631541251552,1.16631541251552,-2.19969338910337,2.19969338910337,-1.70934812689465,1.70934812689465,0.769892654930026,-0.769892654930026,-1.51225340417376,1.51225340417376,0.0593085841172733,-0.0593085841172733,0.5521989355941,-0.5521989355941,0.478823755278172,-0.478823755278172,0.24683290026378,-0.24683290026378,-0.0318966307464514,0.0318966307464514,-0.576552319305725,0.576552319305725,1.54478237402035,-1.54478237402035,0.29675711021278,-0.29675711021278,-0.0632702622357797,0.0632702622357797,-0.33432006378574,0.33432006378574,-0.491217466604773,0.491217466604773,-0.22847603474972,0.22847603474972,0.202554084523704,-0.202554084523704,0.284533838472453,-0.284533838472453,-2.00758834394034,2.00758834394034,0.425605128625323,-0.425605128625323,-0.798874742199606,0.798874742199606,-0.151944278032969,0.151944278032969,-0.0533700487698865,0.0533700487698865,2.13586273177094,-2.13586273177094,-0.207906765213601,0.207906765213601,-0.115085618434272,0.115085618434272,1.19525156863443,-1.19525156863443,-0.018927182862326,0.018927182862326,-0.480572086902905,0.480572086902905,-1.05998552215599,1.05998552215599,-0.416306783241848,0.416306783241848,-1.80278833909138,1.80278833909138,-0.823938833926635,0.823938833926635,2.56612580047282,-2.56612580047282,-2.23743225067058,2.23743225067058,-2.19904826630524,2.19904826630524,0.0113264846300678,-0.0113264846300678,0.427396896024966,-0.427396896024966,0.940734466443323,-0.940734466443323,-1.47904448647984,1.47904448647984,1.6666132668221,-1.6666132668221,2.31667428283885,-2.31667428283885,0.368421077187777,-0.368421077187777,-1.94261903665199,1.94261903665199,-2.1370532949833,2.1370532949833,-1.35982906006423,1.35982906006423,0.197495015568982,-0.197495015568982,-0.288067922881104,0.288067922881104,0.230560301884548,-0.230560301884548,-0.168409212642373,0.168409212642373,0.67930187750655,-0.67930187750655,0.640315250642987,-0.640315250642987,0.332696001632115,-0.332696001632115,-1.34528359517175,1.34528359517175,0.110421458749281,-0.110421458749281,0.610559601356636,-0.610559601356636,-2.00731201458462,2.00731201458462,1.259183202656,-1.259183202656,0.136862260515,-0.136862260515,0.484442804471831,-0.484442804471831,-0.00977413109290708,0.00977413109290708,-0.588160360572224,0.588160360572224,-0.730306272172044,0.730306272172044,1.11223252722499,-1.11223252722499,0.575296391542722,-0.575296391542722,-1.38451816502547,1.38451816502547,-0.436383827384911,0.436383827384911,-0.61119554359884,0.61119554359884,-2.26004138525013,2.26004138525013,0.448003722610422,-0.448003722610422,-0.674715809059128,0.674715809059128,-1.65972657700891,1.65972657700891,-0.0227791287923341,0.0227791287923341,2.11100807149012,-2.11100807149012,-0.740796776579166,0.740796776579166,0.793860249029052,-0.793860249029052,-0.62713046292453,0.62713046292453,1.04227847448976,-1.04227847448976,0.710532046437595,-0.710532046437595,1.29456072004466,-1.29456072004466,0.474965748504916,-0.474965748504916,-0.0906999911073844,0.0906999911073844,0.010640699854652,-0.010640699854652,-1.06024937337561,1.06024937337561,-0.72941832224744,0.72941832224744,1.46821073588922,-1.46821073588922,2.67648251874651,-2.67648251874651,-1.09791893795633,1.09791893795633,0.947331316911585,-0.947331316911585,0.945117255071547,-0.945117255071547,1.59640571351699,-1.59640571351699,-0.00937343535581794,0.00937343535581794,-0.385615541184647,0.385615541184647,0.843633689310074,-0.843633689310074,-0.0397970360842565,0.0397970360842565,1.6321092739306,-1.6321092739306,-0.966867180521387,0.966867180521387,-0.814336090451351,0.814336090451351,-0.981512270374005,0.981512270374005,1.92673290222132,-1.92673290222132,0.0481069361422673,-0.0481069361422673,-0.405896084526016,0.405896084526016,0.916723671382566,-0.916723671382566,0.145261254681503,-0.145261254681503,-0.14840851450106,0.14840851450106,-0.875016078296958,0.875016078296958,-1.86876293593315,1.86876293593315,-0.36483954810531,0.36483954810531,0.647758772677659,-0.647758772677659,-0.251182811749526,0.251182811749526,-0.202307842324092,0.202307842324092,0.851254624509615,-0.851254624509615,0.43686412011696,-0.43686412011696,0.766334281505464,-0.766334281505464,0.444428846844494,-0.444428846844494,-0.67664803829146,0.67664803829146,1.28463773007916,-1.28463773007916,1.30896631555385,-1.30896631555385,2.21547732589697,-2.21547732589697,-0.565118667579969,0.565118667579969,-0.311716813768847,0.311716813768847,-1.14415671874775,1.14415671874775,-1.20122007089512,1.20122007089512,-1.24114227559462,1.24114227559462,-0.786933409241387,0.786933409241387,0.504428551151887,-0.504428551151887,0.365832747643494,-0.365832747643494,1.15401714302758,-1.15401714302758,1.02396566301769,-1.02396566301769,-0.441365760826633,0.441365760826633,-1.17840133328769,1.17840133328769,1.20733474011718,-1.20733474011718,-1.09551183398946,1.09551183398946,0.318883467344283,-0.318883467344283,-0.293459503094094,0.293459503094094,0.187812240236861,-0.187812240236861,-0.0597414713306012,0.0597414713306012,-1.51426478405902,1.51426478405902,-0.912253807232109,0.912253807232109,0.300311676847302,-0.300311676847302,-1.05461504913398,1.05461504913398,-0.177310993325168,0.177310993325168,1.42770013840709,-1.42770013840709,1.11763372014356,-1.11763372014356,-0.483052964525668,0.483052964525668,-0.693639952705343,0.693639952705343,1.06423285543782,-1.06423285543782,2.18695765326897,-2.18695765326897,-1.81186473930161,1.81186473930161,1.15463188562516,-1.15463188562516,-0.678532842236378,0.678532842236378,0.875233817343874,-0.875233817343874,-0.503513673686292,0.503513673686292,1.74166819003197,-1.74166819003197,0.190645259840256,-0.190645259840256,2.9424686667982,-2.9424686667982,1.51470044327237,-1.51470044327237,0.157323411919258,-0.157323411919258,0.325692882006141,-0.325692882006141,-0.360088261637624,0.360088261637624,0.433510974807182,-0.433510974807182,-1.03453644403685,1.03453644403685,-0.487753674519417,0.487753674519417,0.465536348712549,-0.465536348712549,1.19396867438999,-1.19396867438999,-0.0904679040187524,0.0904679040187524,0.656204041172396,-0.656204041172396,-0.310198972013301,0.310198972013301,-0.302975454566891,0.302975454566891,-0.089931795069519,0.089931795069519,-0.814026696240956,0.814026696240956,-0.747374389884745,0.747374389884745,1.17568734724026,-1.17568734724026,-0.271578363532964,0.271578363532964,0.892933446916455,-0.892933446916455,-1.22091460078369,1.22091460078369,-0.370802382509994,0.370802382509994,0.0896627892851891,-0.0896627892851891,0.215547423780849,-0.215547423780849,-0.434875115585569,0.434875115585569,-1.92806986842695,1.92806986842695,0.0738667452761157,-0.0738667452761157,-0.501125841718637,0.501125841718637,0.409471100668914,-0.409471100668914,0.0703062185629248,-0.0703062185629248,-0.163973191489246,0.163973191489246,-0.211521695060794,0.211521695060794,1.49283417332934,-1.49283417332934,0.00092103423101556,-0.00092103423101556,-2.33706124359269,2.33706124359269,-0.546348369941353,0.546348369941353,0.29902915301426,-0.29902915301426,-2.04169723646927,2.04169723646927,0.829317303874856,-0.829317303874856,-0.583316922673836,0.583316922673836,-0.86812966919966,0.86812966919966,0.276426652221712,-0.276426652221712,-1.45567495736141,1.45567495736141,-0.31308277774891,0.31308277774891,-0.308680190050605,0.308680190050605,1.60413755559902,-1.60413755559902,0.534784617991245,-0.534784617991245,0.16363648223368,-0.16363648223368,0.317628819802391,-0.317628819802391,-1.50032886945739,1.50032886945739,-0.295960396161447,0.295960396161447,-0.800383537665059,0.800383537665059,-1.85946110082753,1.85946110082753,1.75903016403766,-1.75903016403766,0.57000592291718,-0.57000592291718,1.48070270413182,-1.48070270413182,-0.207467439883209,0.207467439883209,0.428668604569772,-0.428668604569772,-0.614594572033513,0.614594572033513,-0.783040521008371,0.783040521008371,-0.280440459638759,0.280440459638759,-0.0684908318077977,0.0684908318077977,-0.31266127900682,0.31266127900682,0.136387348852614,-0.136387348852614,0.16123975384241,-0.16123975384241,1.30053947469063,-1.30053947469063,-0.102795478056259,0.102795478056259,0.576382022246472,-0.576382022246472,1.03279117228436,-1.03279117228436,0.026269852306193,-0.026269852306193,-1.23689651129869,1.23689651129869,-2.41365462262542,2.41365462262542,1.12772871435801,-1.12772871435801,0.996844031928113,-0.996844031928113,0
1.19207391147854,-1.19207391147854,0.265264176355413,-0.265264176355413,-0.383091779411835,0.383091779411835,0.654049177924712,-0.654049177924712,-1.5356021719156,1.5356021719156,0.0436189255209439,-0.0436189255209439,-0.357947566872761,0.357947566872761,0.222609163603475,-0.222609163603475,-1.25462079080642,1.25462079080642,-0.205676439872402,0.205676439872402,-0.118520874362211,0.118520874362211,-1.40897101113674,1.40897101113674,0.356599936169993,-0.356599936169993,1.08877198208616,-1.08877198208616,0.862347404091512,-0.862347404091512,-0.0147698317536024,0.0147698317536024,0.0128128881557095,-0.0128128881557095,1.29765048298932,-1.29765048298932,0.180208360734114,-0.180208360734114,-0.237579595238093,0.237579595238093,-3.13145842115707,3.13145842115707,-3.07815152922796,3.07815152922796,0.573824479852434,-0.573824479852434,1.0428953596315,-1.0428953596315,1.78085179665968,-1.78085179665968,-0.557842233956385,0.557842233956385,0.334650345931471,-0.334650345931471,0.137914392228618,-0.137914392228618,-0.69795530579705,0.69795530579705,0.58116733225079,-0.58116733225079,0.611627508271211,-0.611627508271211,-0.579758809809934,0.579758809809934,0.828626282646979,-0.828626282646979,-0.837688319523187,0.837688319523187,0.844877844207097,-0.844877844207097,0.0776129547078793,-0.0776129547078793,1.25428426024904,-1.25428426024904,0.264015644726158,-0.264015644726158,-0.48409015967333,0.48409015967333,0.243775837393623,-0.243775837393623,-0.716186768720426,0.716186768720426,-1.74205435243473,1.74205435243473,0.434788659202665,-0.434788659202665,1.09818758806883,-1.09818758806883,-0.799884990697221,0.799884990697221,-1.06608651350854,1.06608651350854,-0.0242065436119588,0.0242065436119588,1.05496751792725,-1.05496751792725,0.725576321034943,-0.725576321034943,-0.248212906596046,0.248212906596046,0.671297263742182,-0.671297263742182,1.00259996193507,-1.00259996193507,-1.43132591396877,1.43132591396877,-0.228142913443958,0.228142913443958,1.4162943888492,-1.4162943888492,0.479528206746061,-0.479528206746061,1.38847705316707,-1.38847705316707,0.345305409062135,-0.345305409062135,0.828200507993387,-0.828200507993387,-0.173869011822742,0.173869011822742,1.28239680298473,-1.28239680298473,-0.413258078215008,0.413258078215008,0.771761029707656,-0.771761029707656,0.596745704067865,-0.596745704067865,-1.01674364780702,1.01674364780702,-0.144611708220795,0.144611708220795,-0.354638230496137,0.354638230496137,0.209604665480994,-0.209604665480994,-0.645416187279423,0.645416187279423,0.694313406003469,-0.694313406003469,-0.327418088487149,0.327418088487149,1.60307034156458,-1.60307034156458,-0.0909563095499558,0.0909563095499558,0.096136513606287,-0.096136513606287,-0.0884559905508254,0.0884559905508254,-1.04426529135237,1.04426529135237,-0.376237332043577,0.376237332043577,0.303521747591714,-0.303521747591714,-0.302010505838475,0.302010505838475,1.86630126922641,-1.86630126922641,1.55377671370916,-1.55377671370916,-1.20434376732309,1.20434376732309,1.04213648913209,-1.04213648913209,0.290319993105566,-0.290319993105566,0.221531592665026,-0.221531592665026,-0.117044514468901,0.117044514468901,-0.399272286469355,0.399272286469355,-1.34428584207407,1.34428584207407,0.384931582834116,-0.384931582834116,0.497013463936314,-0.497013463936314,0.847367651291265,-0.847367651291265,-0.360953813350635,0.360953813350635,-0.289178024376743,0.289178024376743,1.24151803685209,-1.24151803685209,0.651573219860143,-0.651573219860143,-0.280773177709118,0.280773177709118,-0.215111097060836,0.215111097060836,-0.661727927392352,0.661727927392352,-0.787060050871831,0.787060050871831,0.428400856317239,-0.428400856317239,-0.228659916473932,0.228659916473932,-2.07483995455143,2.07483995455143,1.69132578667537,-1.69132578667537,-1.27088978577201,1.27088978577201,1.21690915115702,-1.21690915115702,-0.252469016480883,0.252469016480883,0.374608510221039,-0.374608510221039,1.38949308330848,-1.38949308330848,-0.890974028744567,0.890974028744567,0.809756453248263,-0.809756453248263,0.617187268849831,-0.617187268849831,1.57690932792292,-1.57690932792292,2.43008186614932,-2.43008186614932,2.30898104400816,-2.30898104400816,-0.43499908818995,0.43499908818995,0.630800816252657,-0.630800816252657,-0.833365599416021,0.833365599416021,0.186682498324005,-0.186682498324005,1.00247175287126,-1.00247175287126,1.52028723397141,-1.52028723397141,1.70040254743163,-1.70040254743163,-0.495029049612976,0.495029049612976,-0.853491189368754,0.853491189368754,-0.31273018242831,0.31273018242831,0.631530284664323,-0.631530284664323,0.0592428501944907,-0.0592428501944907,0.219621642785849,-0.219621642785849,0.583892153808987,-0.583892153808987,-0.654514197477202,0.654514197477202,0.762161417721401,-0.762161417721401,0.790619010163229,-0.790619010163229,-1.11145262885891,1.11145262885891,-0.330995881833792,0.330995881833792,-0.562259416292726,0.562259416292726,-0.432917102727607,0.432917102727607,-1.94562528840349,1.94562528840349,-0.333718851084373,0.333718851084373,-1.31101500159544,1.31101500159544,-1.66513410177904,1.66513410177904,0.213445884153471,-0.213445884153471,2.00072841933829,-2.00072841933829,-0.877301603941249,0.877301603941249,-0.0315916186476073,0.0315916186476073,1.19379392876487,-1.19379392876487,0.549072469747173,-0.549072469747173,-0.965450840963443,0.965450840963443,-0.397124308249936,0.397124308249936,0.340781440797241,-0.340781440797241,0.395489707108182,-0.395489707108182,-0.0333943627864336,0.0333943627864336,-1.35010341346511,1.35010341346511,1.18804662795904,-1.18804662795904,-1.04994936008452,1.04994936008452,-0.651191656933717,0.651191656933717,0.113848637829806,-0.113848637829806,0.136207541299544,-0.136207541299544,1.73311939720235,-1.73311939720235,-0.955931148297204,0.955931148297204,-0.173050846740776,0.173050846740776,-0.688095116721645,0.688095116721645,0.939254126849222,-0.939254126849222,-1.26745715428008,1.26745715428008,0.965767265429225,-0.965767265429225,-0.157275952462118,0.157275952462118,-2.66410954653237,2.66410954653237,0.392823403351331,-0.392823403351331,-1.71359838840012,1.71359838840012,-2.46944195823401,2.46944195823401,-1.01824156828587,1.01824156828587,0.857877575013203,-0.857877575013203,0.0365151963566819,-0.0365151963566819,-0.557588778798375,0.557588778798375,1.85009358880231,-1.85009358880231,0.680985423276499,-0.680985423276499,-0.169365660161848,0.169365660161848,-0.147267746569089,0.147267746569089,-0.0239614327577235,0.0239614327577235,-0.395457300660463,0.395457300660463,2.11247548479671,-2.11247548479671,0.427078416847116,-0.427078416847116,0.960201780459669,-0.960201780459669,-0.179479966144718,0.179479966144718,0.761164305289431,-0.761164305289431,-0.373986311106209,0.373986311106209,-0.84566841515448,0.84566841515448,-0.373928106016858,0.373928106016858,-0.356299342569776,0.356299342569776,-0.354871321712131,0.354871321712131,0.894583601945456,-0.894583601945456,0.361203224829525,-0.361203224829525,-0.485992697124095,0.485992697124095,0.411357715416748,-0.411357715416748,0.432559448452529,-0.432559448452529,-1.30410806852239,1.30410806852239,-1.50254565024339,1.50254565024339,-0.435855042213685,0.435855042213685,-1.2373109938551,1.2373109938551,1.2756166036608,-1.2756166036608,0.916569369650827,-0.916569369650827,-0.348295806025027,0.348295806025027,0.125108260151876,-0.125108260151876,1.45077828511627,-1.45077828511627,-1.07058385208459,1.07058385208459,0.456063686249577,-0.456063686249577,-0.218479041364468,0.218479041364468,-0.0445964177000289,0.0445964177000289,0.296338182060488,-0.296338182060488,0.966073152345789,-0.966073152345789,0.2067203249566,-0.2067203249566,1.16447934314026,-1.16447934314026,-0.170423855645311,0.170423855645311,-0.0944900701031835,0.0944900701031835,0.397409218264111,-0.397409218264111,1.55807854807999,-1.55807854807999,-1.51629364962482,1.51629364962482,0.238479037839639,-0.238479037839639,0.556766031339133,-0.556766031339133,0.860023580569997,-0.860023580569997,0.346442100188732,-0.346442100188732,-0.562914499321746,0.562914499321746,0.249343856997282,-0.249343856997282,-0.390797796710473,0.390797796710473,-2.03984558881825,2.03984558881825,0.920251366155346,-0.920251366155346,1.48184247799016,-1.48184247799016,-1.66252389163344,1.66252389163344,-1.43167326875411,1.43167326875411,0.0120214730979832,-0.0120214730979832,-0.942008061668403,0.942008061668403,-0.667183727887833,0.667183727887833,-0.303145287792099,0.303145287792099,-0.969906337725286,0.969906337725286,1.02149569948707,-1.02149569948707,-0.180365230506172,0.180365230506172,-1.44971733436676,1.44971733436676,-0.176039446658953,0.176039446658953,2.77975301676559,-2.77975301676559,-1.59575986554179,1.59575986554179,0.376891900435126,-0.376891900435126,-0.454111874684679,0.454111874684679,-1.03470763774956,1.03470763774956,-0.827341936707039,0.827341936707039,0.248383126828939,-0.248383126828939,0.156622780915821,-0.156622780915821,-0.144452806192031,0.144452806192031,-0.37490349654035,0.37490349654035,-1.61968725107615,1.61968725107615,-0.330547939916629,0.330547939916629,0.126132594692006,-0.126132594692006,-0.533595752292831,0.533595752292831,0.431664714361902,-0.431664714361902,1.8685320178592,-1.8685320178592,-1.00308802798804,1.00308802798804,-0.900114965677288,0.900114965677288,-0.276527013723808,0.276527013723808,0.919754517055298,-0.919754517055298,-1.19337061395907,1.19337061395907,-0.106563776828179,0.106563776828179,-0.347607714869023,0.347607714869023,-0.282612250296152,0.282612250296152,-0.149914105135436,0.149914105135436,0.0128490612698441,-0.0128490612698441,0.239118450230105,-0.239118450230105,1.65196842848576,-1.65196842848576,0.993579035366273,-0.993579035366273,-0.292049860270363,0.292049860270363,-0.959810455620008,0.959810455620008,1.34301566705406,-1.34301566705406,-0.463437553891985,0.463437553891985,0.940468480164193,-0.940468480164193,0.444393976747713,-0.444393976747713,0.200187413599337,-0.200187413599337,0.417435933706902,-0.417435933706902,-0.00704800271077957,0.00704800271077957,-1.09003709479223,1.09003709479223,0.617414865928301,-0.617414865928301,0.411856387498625,-0.411856387498625,1.07973640036188,-1.07973640036188,-0.737541982179181,0.737541982179181,0.965826647667246,-0.965826647667246,-1.34818513241739,1.34818513241739,-0.251561751256069,0.251561751256069,-0.590558753958681,0.590558753958681,-1.00675823930959,1.00675823930959,0.916008488341695,-0.916008488341695,0.864124596425296,-0.864124596425296,-0.608266177909054,0.608266177909054,0.0481885868123894,-0.0481885868123894,0.70586605195175,-0.70586605195175,0.102155986067543,-0.102155986067543,1.65511347569016,-1.65511347569016,0.262284589861435,-0.262284589861435,-0.434008062373187,0.434008062373187,-0.475330269594263,0.475330269594263,1.68925237835679,-1.68925237835679,-0.583438066015894,0.583438066015894,-0.251503107156151,0.251503107156151,-0.210162773239456,0.210162773239456,1.77042596482923,-1.77042596482923,0.16219766039395,-0.16219766039395,-0.11594620244071,0.11594620244071,-0.470419843440629,0.470419843440629,0.00561132708910155,-0.00561132708910155,0.601413925833429,-0.601413925833429,-0.867677007858817,0.867677007858817,0.521371042434881,-0.521371042434881,-0.606919856827822,0.606919856827822,0.36774455402933,-0.36774455402933,1.40428544662909,-1.40428544662909,1.00798349766506,-1.00798349766506,0.015508887575927,-0.015508887575927,0.387087445080409,-0.387087445080409,-0.395374597744768,0.395374597744768,-0.467647741070192,0.467647741070192,-0.38123727163414,0.38123727163414,-0.71461109943415,0.71461109943415,-0.407158044148721,0.407158044148721,-0.480462192380577,0.480462192380577,-1.84669155645573,1.84669155645573,1.57077753744321,-1.57077753744321,-0.12217049568345,0.12217049568345,1.32050664734283,-1.32050664734283,-0.110198145925062,0.110198145925062,-0.672040638384948,0.672040638384948,0.117139046479519,-0.117139046479519,-0.075513071757315,0.075513071757315,0.951459346706703,-0.951459346706703,0.300339820245244,-0.300339820245244,0.55697889475331,-0.55697889475331,-0.407979953169221,0.407979953169221,-0.350690692613193,0.350690692613193,-2.11490374048275,2.11490374048275,-1.7608060839596,1.7608060839596,0.342802807462319,-0.342802807462319,1.46952928656812,-1.46952928656812,0.203437070980987,-0.203437070980987,0.513994194850363,-0.513994194850363,-0.706868644329683,0.706868644329683,0.116267250255682,-0.116267250255682,-0.189616409695329,0.189616409695329,-0.271021210992622,0.271021210992622,0.39862259883591,-0.39862259883591,1.08866088008702,-1.08866088008702,1.14002583123064,-1.14002583123064,2.36277825402673,-2.36277825402673,-0.788771316349158,0.788771316349158,-0.481749705987384,0.481749705987384,1.18219711234964,-1.18219711234964,0.868518997124863,-0.868518997124863,-1.05875360559772,1.05875360559772,-0.437922747865755,0.437922747865755,0.97755012004428,-0.97755012004428,-2.18318233876625,2.18318233876625,-0.239946011100492,0.239946011100492,-0.0680985069800025,0.0680985069800025,0.233044264041591,-0.233044264041591,1.0795651196024,-1.0795651196024,-0.422000783444831,0.422000783444831,1.14456453882958,-1.14456453882958,-1.52339790930408,1.52339790930408,0.580052179038947,-0.580052179038947,-0.129116842036942,0.129116842036942,-0.462625858079473,0.462625858079473,0.368329165129454,-0.368329165129454,-0.288735817314458,0.288735817314458,-0.0439986339050156,0.0439986339050156,-0.514801683725188,0.514801683725188,0.689769252072884,-0.689769252072884,-0.877436207986143,0.877436207986143,0.815747047968222,-0.815747047968222,-2.53309273301728,2.53309273301728,1.5343977080976,-1.5343977080976,0.21494260209602,-0.21494260209602,0.238484824720628,-0.238484824720628,0.105453047304443,-0.105453047304443,1.69112063782912,-1.69112063782912,-0.0169607100660718,0.0169607100660718,-1.52704709927359,1.52704709927359,-0.192866037437246,0.192866037437246,-0.364506026619758,0.364506026619758,-0.524084267114339,0.524084267114339,-0.360473805575486,0.360473805575486,0.647015465291804,-0.647015465291804,-0.157880775821493,0.157880775821493,0.491694562602355,-0.491694562602355,-0.574659822454756,0.574659822454756,0.340467514608188,-0.340467514608188,-0.186831782227619,0.186831782227619,2.07104459133098,-2.07104459133098,2.40298728765451,-2.40298728765451,0.662540228843063,-0.662540228843063,-0.159653383378719,0.159653383378719,0.474648309831501,-0.474648309831501,-1.86385459754423,1.86385459754423,-1.4899847138126,1.4899847138126,0.150561116986669,-0.150561116986669,-1.37693858880038,1.37693858880038,1.11249360648983,-1.11249360648983,0.227777449145885,-0.227777449145885,-0.397538465875616,0.397538465875616,-0.67565383097811,0.67565383097811,0.375415397441505,-0.375415397441505,-0.550342388970207,0.550342388970207,-0.81004604710341,0.81004604710341,-0.119596821135735,0.119596821135735,1.00076238146883,-1.00076238146883,-0.0833629084389062,0.0833629084389062,-0.387775461813763,0.387775461813763,1.04244007028704,-1.04244007028704,-0.563362863694434,0.563362863694434,0.177811997215754,-0.177811997215754,0.106529132072154,-0.106529132072154,-1.6152753818542,1.6152753818542,0.0416751013562415,-0.0416751013562415,-0.604525776338457,0.604525776338457,0.122716586989613,-0.122716586989613,-0.452782268921917,0.452782268921917,-0.113584889306988,0.113584889306988,0.594824078559784,-0.594824078559784,-1.27475848083489,1.27475848083489,1.01951872401627,-1.01951872401627,-0.0925806380557637,0.0925806380557637,0.492119822711117,-0.492119822711117,0.529091686106039,-0.529091686106039,-0.577251575319804,0.577251575319804,-0.17584940250081,0.17584940250081,-2.20783396651465,2.20783396651465,-0.0233070323559602,0.0233070323559602,-0.401295258594114,0.401295258594114,-0.416985639372065,0.416985639372065,2.05891129999168,-2.05891129999168,-0.0785486768396239,0.0785486768396239,-0.101768162727956,0.101768162727956,0.120904903533862,-0.120904903533862,0.561042962067817,-0.561042962067817,0.38840874297423,-0.38840874297423,0.53031157398866,-0.53031157398866,-0.732703275292252,0.732703275292252,-0.996574207860306,0.996574207860306,-1.43312539945848,1.43312539945848,-0.281390680825655,0.281390680825655,0.988957758976913,-0.988957758976913,0.751112232216287,-0.751112232216287,-1.29178842200278,1.29178842200278,0.0121336901493371,-0.0121336901493371,0.783467937261467,-0.783467937261467,0.632198039385207,-0.632198039385207,-0.745764600324474,0.745764600324474,0.0753476654424518,-0.0753476654424518,0.00698435088031338,-0.00698435088031338,-0.062765943862202,0.062765943862202,-0.521077443583329,0.521077443583329,-0.935917368074611,0.935917368074611,-0.692799796546871,0.692799796546871,0.343704089513835,-0.343704089513835,-0.786429519791808,0.786429519791808,-0.364399910230622,0.364399910230622,-2.47642093335206,2.47642093335206,0.0204911665782196,-0.0204911665782196,-1.35320575076101,1.35320575076101,0.736428556037921,-0.736428556037921,-0.805906701434224,0.805906701434224,-1.62872824783493,1.62872824783493,0.0553570764894936,-0.0553570764894936,0.231913792905643,-0.231913792905643,2.24659717230789,-2.24659717230789,-1.19389234420407,1.19389234420407,0.390066984133618,-0.390066984133618,-1.07590312932269,1.07590312932269,1.58078996384426,-1.58078996384426,0.288642720800757,-0.288642720800757,-0.790430208668657,0.790430208668657,-0.0804892436783976,0.0804892436783976,0.0939549086815991,-0.0939549086815991,-0.509369837777298,0.509369837777298,-0.757037960231376,0.757037960231376,-0.869504332821235,0.869504332821235,-0.117688588887789,0.117688588887789,1.15276330362895,-1.15276330362895,-2.28275540373696,2.28275540373696,-0.0828399927424729,0.0828399927424729,-0.187149345215045,0.187149345215045,-0.88477710755963,0.88477710755963,0.516240710534592,-0.516240710534592,-0.597938430545452,0.597938430545452,-1.42002960967921,1.42002960967921,-0.0417933971106482,0.0417933971106482,0.810957956133485,-0.810957956133485,0.727709389630821,-0.727709389630821,0.0688479353804023,-0.0688479353804023,0.49601497223031,-0.49601497223031,-0.297335170088185,0.297335170088185,0.500587907539122,-0.500587907539122,-0.613841605454141,0.613841605454141,-1.42962164917363,1.42962164917363,-0.64884200796255,0.64884200796255,-1.47783333315083,1.47783333315083,0.695889077851603,-0.695889077851603,-0.1437006361457,0.1437006361457,-0.432683822587108,0.432683822587108,0.859315060524301,-0.859315060524301,-1.10346552011293,1.10346552011293,0.0999966443840339,-0.0999966443840339,1.61452829150762,-1.61452829150762,0.100151065403765,-0.100151065403765,0.462639378304095,-0.462639378304095,-1.19684316539435,1.19684316539435,-0.0116532532959268,0.0116532532959268,-0.979397586176861,0.979397586176861,-1.07144766255546,1.07144766255546,0.282919560763777,-0.282919560763777,0.438035660979461,-0.438035660979461,1.9477654886031,-1.9477654886031,0.569509471834736,-0.569509471834736,-1.07319599375874,1.07319599375874,0.0722841956642269,-0.0722841956642269,-0.264524053105882,0.264524053105882,-0.562889413116136,0.562889413116136,0.106685490040694,-0.106685490040694,-0.0423136258194855,0.0423136258194855,-0.731204334834766,0.731204334834766,0.877324041636843,-0.877324041636843,-0.813961635272996,0.813961635272996,0.276855005268859,-0.276855005268859,1.26027390894365,-1.26027390894365,-0.162241134921635,0.162241134921635,0.577851140753276,-0.577851140753276,0.248976537424039,-0.248976537424039,0.194762104764575,-0.194762104764575,0.858175129655144,-0.858175129655144,-0.269382567301362,0.269382567301362,1.20052375546009,-1.20052375546009,-0.546251817352039,0.546251817352039,1.09922199872247,-1.09922199872247,1.76937782792666,-1.76937782792666,-0.647226988176734,0.647226988176734,0.543686993534304,-0.543686993534304,0.491664155435156,-0.491664155435156,1.80471740329097,-1.80471740329097,1.59045540684946,-1.59045540684946,-0.265150888819864,0.265150888819864,-0.512447761824517,0.512447761824517,-0.800277858326458,0.800277858326458,-0.158480588187351,0.158480588187351,-0.402831774833313,0.402831774833313,-1.28633361454028,1.28633361454028,-0.379827237623988,0.379827237623988,-0.0589109448125947,0.0589109448125947,-0.952012765244847,0.952012765244847,1.0911969826669,-1.0911969826669,0.0124107725059703,-0.0124107725059703,-0.0666865780083598,0.0666865780083598,-0.0374365206369572,0.0374365206369572,-1.24056943072129,1.24056943072129,0.401469998624058,-0.401469998624058,0.156795424024463,-0.156795424024463,-0.989183510618673,0.989183510618673,-1.04417899444461,1.04417899444461,-0.413493582793447,0.413493582793447,0.508865580232574,-0.508865580232574,-0.079454598339315,0.079454598339315,-0.0369328823355448,0.0369328823355448,-0.64822998030335,0.64822998030335,0.437106290798313,-0.437106290798313,-0.498280016888574,0.498280016888574,1.17608351690284,-1.17608351690284,0.231608814211547,-0.231608814211547,0.925522557303618,-0.925522557303618,0.116244680217458,-0.116244680217458,0.191118426889864,-0.191118426889864,-0.0525792170432991,0.0525792170432991,-0.365385062893497,0.365385062893497,-0.604743017829856,0.604743017829856,1.21782312990879,-1.21782312990879,-0.0768639147265275,0.0768639147265275,-0.235949002222705,0.235949002222705,0.287006837807089,-0.287006837807089,-1.10388966645022,1.10388966645022,1.28313139626177,-1.28313139626177,-1.1964010282384,1.1964010282384,-0.89516331794068,0.89516331794068,1.63232196851822,-1.63232196851822,-0.0711424208589182,0.0711424208589182,0.725991610115299,-0.725991610115299,0.514954631461893,-0.514954631461893,-0.420874002362346,0.420874002362346,0.638658129291194,-0.638658129291194,0.796759674521944,-0.796759674521944,0.895311192807382,-0.895311192807382,2.17461152649789,-2.17461152649789,0.11964876673186,-0.11964876673186,-0.331344961025515,0.331344961025515,1.14529807319093,-1.14529807319093,0.398124394375928,-0.398124394375928,-0.585971606156753,0.585971606156753,-0.997985609427655,0.997985609427655,-2.46860037996956,2.46860037996956,-1.27302304416199,1.27302304416199,0.139239111515984,-0.139239111515984,0.175875933008328,-0.175875933008328,0.164903212040674,-0.164903212040674,0.486166009715782,-0.486166009715782,-0.712860207552784,0.712860207552784,-0.0443031090306098,0.0443031090306098,0.921477012586641,-0.921477012586641,0.0413385271187263,-0.0413385271187263,-0.472576475720686,0.472576475720686,-1.75815853749772,1.75815853749772,-0.907757155767151,0.907757155767151,0.755211091653099,-0.755211091653099,0.874625559477513,-0.874625559477513,0.0355265538881739,-0.0355265538881739,-1.51075695565989,1.51075695565989,0.891046450686377,-0.891046450686377,-3.16171997154862,3.16171997154862,-0.169770650367645,0.169770650367645,2.01517042093419,-2.01517042093419,-0.495612101025705,0.495612101025705,-0.663034830960847,0.663034830960847,-0.317530275898935,0.317530275898935,1.27862426688825,-1.27862426688825,-0.0591968800732739,0.0591968800732739,-0.772111287788326,0.772111287788326,-0.781690756486947,0.781690756486947,-0.580883318803993,0.580883318803993,-0.0230341682478884,0.0230341682478884,-0.347226115340125,0.347226115340125,2.76622906901662,-2.76622906901662,-3.09433354142052,3.09433354142052,-0.767936625129499,0.767936625129499,-0.00937324797073227,0.00937324797073227,-0.248599670045094,0.248599670045094,1.08685385292628,-1.08685385292628,0.989130802862754,-0.989130802862754,-0.691290234835362,0.691290234835362,0.268095419619878,-0.268095419619878,-0.764642362185997,0.764642362185997,1.92748943527859,-1.92748943527859,-0.376740529548483,0.376740529548483,0.994845010128194,-0.994845010128194,0.478009945321606,-0.478009945321606,2.3318572082328,-2.3318572082328,-0.982598270009121,0.982598270009121,0.313563804898262,-0.313563804898262,0.0417200207072261,-0.0417200207072261,-1.72465520067011,1.72465520067011,-0.0501598615964618,0.0501598615964618,-3.30344263624939,3.30344263624939,-0.0187780534177953,0.0187780534177953,0.358389406400289,-0.358389406400289,-1.11333221211293,1.11333221211293,1.84574881112668,-1.84574881112668,-1.01209013004597,1.01209013004597,1.44774621812178,-1.44774621812178,-1.67581804582956,1.67581804582956,-0.442842230279424,0.442842230279424,-0.150535711258968,0.150535711258968,-0.484961367757729,0.484961367757729,0.456235195475006,-0.456235195475006,0.0847183492633422,-0.0847183492633422,0.0160907655585687,-0.0160907655585687,0.325055734020457,-0.325055734020457,1.82962822034868,-1.82962822034868,0.0939912745049251,-0.0939912745049251,-1.2332119057362,1.2332119057362,-0.158420755509037,0.158420755509037,-0.237909403912797,0.237909403912797,0.269208632329952,-0.269208632329952,0.441993745634536,-0.441993745634536,0.748561187467919,-0.748561187467919,1.00625204952013,-1.00625204952013,-0.515997098863643,0.515997098863643,-1.44550092614693,1.44550092614693,-1.20079978004326,1.20079978004326,-1.57396921679913,1.57396921679913,1.09408988480192,-1.09408988480192,-0.248020306439357,0.248020306439357,0.466336570819397,-0.466336570819397,-0.704083205303604,0.704083205303604,0.308012410927027,-0.308012410927027,-2.41624064928224,2.41624064928224,-1.35247294287143,1.35247294287143,-0.662183079301064,0.662183079301064,-0.952851584356864,0.952851584356864,-0.00558421121230124,0.00558421121230124,-1.441439651304,1.441439651304,-1.10416579245948,1.10416579245948,1.39571504574326,-1.39571504574326,0.942918556522323,-0.942918556522323,0.93559277713085,-0.93559277713085,0.0672344068231264,-0.0672344068231264,-0.684247838642991,0.684247838642991,-0.19373253556575,0.19373253556575,0.823080997368753,-0.823080997368753,-1.01409470025313,1.01409470025313,-1.26835152218245,1.26835152218245,-0.256220798467484,0.256220798467484,1.27972729986561,-1.27972729986561,0.98857078143579,-0.98857078143579,-1.1448326243522,1.1448326243522,-0.145635174202859,0.145635174202859,0.0104738444892513,-0.0104738444892513,1.20430773102048,-1.20430773102048,0.746077744604609,-0.746077744604609,-1.38472745782466,1.38472745782466,1.67671133611715,-1.67671133611715,0.740645379262896,-0.740645379262896,1.67984432959494,-1.67984432959494,-0.113962416774947,0.113962416774947,1.02469306465289,-1.02469306465289,-0.903382504403052,0.903382504403052,1.76111416824331,-1.76111416824331,0.744440551343109,-0.744440551343109,0.501371930890186,-0.501371930890186,-2.11118291364248,2.11118291364248,-0.5405692736269,0.5405692736269,-0.84334311296212,0.84334311296212,-0.67412471799841,0.67412471799841,1.71911548957622,-1.71911548957622,0.154884666538194,-0.154884666538194,1.65787688109032,-1.65787688109032,0.920601480828397,-0.920601480828397,1.86836126863951,-1.86836126863951,-0.658976498316463,0.658976498316463,-0.429186091572579,0.429186091572579,-1.32890945181089,1.32890945181089,-0.769604340022241,0.769604340022241,-0.742153857178463,0.742153857178463,-0.157681194707245,0.157681194707245,0.533472577174848,-0.533472577174848,0.341903319659041,-0.341903319659041,0.760900173273333,-0.760900173273333,1.81505607396971,-1.81505607396971,-0.558540557038009,0.558540557038009,1.10123825364416,-1.10123825364416,0.164530080942207,-0.164530080942207,-0.482744384865661,0.482744384865661,1.26996229029397,-1.26996229029397,-0.266138083714734,0.266138083714734,1.00014663824495,-1.00014663824495,-2.1497331773754,2.1497331773754,-0.354914037862498,0.354914037862498,-0.190877598473233,0.190877598473233,-1.60511167131775,1.60511167131775,2.858984296178,-2.858984296178,0.344262606652423,-0.344262606652423,-0.154056757270628,0.154056757270628,0.0140216473352207,-0.0140216473352207,2.12695934899728,-2.12695934899728,-1.34756853835862,1.34756853835862,-0.434379427772978,0.434379427772978,-0.586714207945549,0.586714207945549,0.316619087832854,-0.316619087832854,-2.94132703020999,2.94132703020999,-0.139332099767167,0.139332099767167,-0.740243171168385,0.740243171168385,-0.0774819881444612,0.0774819881444612,0.205844949784017,-0.205844949784017,-1.6260632180677,1.6260632180677,0.816533012935079,-0.816533012935079,-0.22027787389907,0.22027787389907,-0.100736339646725,0.100736339646725,-0.81209210918643,0.81209210918643,-1.05127412519096,1.05127412519096,-0.868368213439045,0.868368213439045,-0.496439412213216,0.496439412213216,1.8706398585756,-1.8706398585756,1.52621182593342,-1.52621182593342,0.263053104282952,-0.263053104282952,2.46835690743496,-2.46835690743496,2.78562404459409,-2.78562404459409,-0.674051409826586,0.674051409826586,0.709989388448284,-0.709989388448284,-1.04414041424237,1.04414041424237,-0.639193986990533,0.639193986990533,-1.53967359405875,1.53967359405875,-0.260005544575709,0.260005544575709,-0.631721880882056,0.631721880882056,-1.12681885400125,1.12681885400125,0.351750862307561,-0.351750862307561,-0.0623037302718755,0.0623037302718755,1.12491537470451,-1.12491537470451,1.59914433748818,-1.59914433748818,0.670422661342006,-0.670422661342006,-0.803488633045177,0.803488633045177,-0.597697207394296,0.597697207394296,0.436293611172744,-0.436293611172744,-0.624315968556228,0.624315968556228,-0.990765278278634,0.990765278278634,0.310712051146383,-0.310712051146383,1.89782107644328,-1.89782107644328,-1.58647803632454,1.58647803632454,-0.498187029596607,0.498187029596607,-0.429128511329267,0.429128511329267,0.0375671143616671,-0.0375671143616671,-1.6341001112889,1.6341001112889,0.0704055850593901,-0.0704055850593901,-0.467736751536657,0.467736751536657,0.119940815863115,-0.119940815863115,-0.471037827863123,0.471037827863123,-0.224640597705174,0.224640597705174,-0.0247369618682008,0.0247369618682008,-0.54743079247196,0.54743079247196,-0.5620845379508,0.5620845379508,1.44134905565408,-1.44134905565408,-0.434295315438117,0.434295315438117,-1.22724801187472,1.22724801187472,0.651452400676704,-0.651452400676704,1.04093667005774,-1.04093667005774,-0.233066511118058,0.233066511118058,-0.536223792707759,0.536223792707759,0.857334519081868,-0.857334519081868,0.216342697029308,-0.216342697029308,0.328495415002465,-0.328495415002465,1.32679490873564,-1.32679490873564,-0.320608250757349,0.320608250757349,-1.02899392468588,1.02899392468588,-0.59149127286962,0.59149127286962,0.396276659020724,-0.396276659020724,-2.1601488308677,2.1601488308677,0.679204452661517,-0.679204452661517,-1.39481268121863,1.39481268121863,-1.29170045938289,1.29170045938289,-1.11034045062387,1.11034045062387,0.458306058110732,-0.458306058110732,-1.52677470163259,1.52677470163259,0.655803947544038,-0.655803947544038,0.190960857365863,-0.190960857365863,0.172275170674048,-0.172275170674048,-1.42811866127365,1.42811866127365,1.53028772489053,-1.53028772489053,-1.04210892519784,1.04210892519784,1.59400570472838,-1.59400570472838,0.636819491861388,-0.636819491861388,-0.0799818096984013,0.0799818096984013,0.440478157106523,-0.440478157106523,-1.08068198507723,1.08068198507723,2.21435369417178,-2.21435369417178,-0.970210837200425,0.970210837200425,1.32809284836871,-1.32809284836871,0.442977796326113,-0.442977796326113,0.670461331677854,-0.670461331677854,-0.0536327440634824,0.0536327440634824,-1.98392862998051,1.98392862998051,-0.631698633534543,0.631698633534543,-1.31265775669828,1.31265775669828,0.144324382377941,-0.144324382377941,0.647280642225906,-0.647280642225906,-0.229122908745191,0.229122908745191,0.554556830890609,-0.554556830890609,1.91249712833308,-1.91249712833308,-0.350917058265216,0.350917058265216,1.59231049984087,-1.59231049984087,0.110857304745807,-0.110857304745807,0.091155994806295,-0.091155994806295,0.308475276406188,-0.308475276406188,1.91833912546491,-1.91833912546491,-0.515577574208511,0.515577574208511,1.06945349412811,-1.06945349412811,1.21388726588379,-1.21388726588379,1.25962612888402,-1.25962612888402,2.26286954047139,-2.26286954047139,-0.236567108972658,0.236567108972658,-0.955433209615394,0.955433209615394,-1.93412049794447,1.93412049794447,-0.535017803363794,0.535017803363794,-0.629241061438544,0.629241061438544,-0.418161711805385,0.418161711805385,-0.211364829078423,0.211364829078423,0.146417264024545,-0.146417264024545,0.0167356151369105,-0.0167356151369105,0.0609958928608463,-0.0609958928608463,-0.68821786617276,0.68821786617276,-1.15175309235447,1.15175309235447,1.28312980651258,-1.28312980651258,0.282599826200307,-0.282599826200307,-0.227561845400326,0.227561845400326,-1.89579227540314,1.89579227540314,0.812233702132426,-0.812233702132426,1.82679478188836,-1.82679478188836,0.711414827965081,-0.711414827965081,-1.17222269237747,1.17222269237747,-1.93463300224377,1.93463300224377,0.21834117692297,-0.21834117692297,1.49780129440988,-1.49780129440988,-0.531474671727613,0.531474671727613,-0.850142080862647,0.850142080862647,-0.675011637842945,0.675011637842945,-0.62866754208542,0.62866754208542,0.422910989340501,-0.422910989340501,1.04246015343098,-1.04246015343098,0.294124760994296,-0.294124760994296,0.982109777195509,-0.982109777195509,-1.90508927573864,1.90508927573864,0.56847990782427,-0.56847990782427,1.65730123694963,-1.65730123694963,1.45414103606363,-1.45414103606363,0.792032846563504,-0.792032846563504,-0.00492792302998773,0.00492792302998773,0.524760939241709,-0.524760939241709,-1.08912840727325,1.08912840727325,0.465196363923117,-0.465196363923117,0.995913742324673,-0.995913742324673,-0.502782210331147,0.502782210331147,1.26254782093314,-1.26254782093314,-1.6582111260818,1.6582111260818,0.263888237431638,-0.263888237431638,-0.557522371734937,0.557522371734937,0.366352836757603,-0.366352836757603,0.306024545227434,-0.306024545227434,-0.681226082255809,0.681226082255809,-0.507262700156796,0.507262700156796,0.498755110180643,-0.498755110180643,0.422823889617863,-0.422823889617863,0.450423117643521,-0.450423117643521,1.00538237098471,-1.00538237098471,1.95975114208552,-1.95975114208552,-0.320998391069558,0.320998391069558,-0.917940032701849,0.917940032701849,-2.34798202881299,2.34798202881299,-1.69393789678899,1.69393789678899,0.134636281478331,-0.134636281478331,0.813727605178759,-0.813727605178759,-0.76622853894674,0.76622853894674,-0.923306080628725,0.923306080628725,1.25457156463585,-1.25457156463585,-0.0434114411067568,0.0434114411067568,-0.843754444687388,0.843754444687388,0.45181519131863,-0.45181519131863,0.140373434208375,-0.140373434208375,-0.149024280618069,0.149024280618069,1.64423731526217,-1.64423731526217,-0.171137466402167,0.171137466402167,-1.16189971922097,1.16189971922097,-2.3854729438067,2.3854729438067,1.23265578883631,-1.23265578883631,0.340690771318068,-0.340690771318068,-3.0375006077994,3.0375006077994,-0.119798376239,0.119798376239,-0.420186218909266,0.420186218909266,0.752048189520446,-0.752048189520446,-0.91241580016701,0.91241580016701,-1.53031117963551,1.53031117963551,0.296395086895867,-0.296395086895867,0.983881557924228,-0.983881557924228,-1.89537926894648,1.89537926894648,0.47279838781112,-0.47279838781112,-1.08841693845656,1.08841693845656,0.0450863970715419,-0.0450863970715419,1.44962889283718,-1.44962889283718,-0.754107910308232,0.754107910308232,-1.45101947773708,1.45101947773708,-0.472872903892595,0.472872903892595,0.247943027685146,-0.247943027685146,1.0577678496022,-1.0577678496022,-0.251951961958771,0.251951961958771,-0.778147090173339,0.778147090173339,-0.112303222689792,0.112303222689792,-0.410067017301137,0.410067017301137,2.07840156483711,-2.07840156483711,-3.03573035734812,3.03573035734812,-1.37116550327792,1.37116550327792,-0.569932769068282,0.569932769068282,-1.00032492453002,1.00032492453002,-0.453410367276744,0.453410367276744,-0.787366644340828,0.787366644340828,-2.01219862614093,2.01219862614093,-0.699927903713432,0.699927903713432,0.419006819696789,-0.419006819696789,-0.163975301645094,0.163975301645094,0.781437878410851,-0.781437878410851,1.4500449275305,-1.4500449275305,0.285563072210273,-0.285563072210273,1.14238159318418,-1.14238159318418,1.04427198477963,-1.04427198477963,0.216592887376703,-0.216592887376703,-0.738950870026698,0.738950870026698,-0.5620692257381,0.5620692257381,0.467745457880007,-0.467745457880007,1.01945968204706,-1.01945968204706,-1.5021424780742,1.5021424780742,-0.457287628278549,0.457287628278549,-1.6908658014465,1.6908658014465,0.169900524781291,-0.169900524781291,-0.191541466970626,0.191541466970626,-0.662387928730612,0.662387928730612,0.525209443753387,-0.525209443753387,-1.2287628982502,1.2287628982502,0.337413719452894,-0.337413719452894,0.301071169028261,-0.301071169028261,0.246116727210114,-0.246116727210114,-1.03870015240306,1.03870015240306,0.751939154743036,-0.751939154743036,1.09545118233846,-1.09545118233846,0.781865136202075,-0.781865136202075,1.42663996411779,-1.42663996411779,0.711387707438252,-0.711387707438252,0.566301799784315,-0.566301799784315,-0.0633005311973287,0.0633005311973287,0.916024359519239,-0.916024359519239,-0.0710163463515732,0.0710163463515732,0.743383637130893,-0.743383637130893,-1.56964892934643,1.56964892934643,0.408505186893948,-0.408505186893948,-0.199858477523919,0.199858477523919,-0.52852407016201,0.52852407016201,-0.679812789333564,0.679812789333564,0.542486325002665,-0.542486325002665,-1.47958061548754,1.47958061548754,0.55075592589706,-0.55075592589706,0.570764906377391,-0.570764906377391,0.766505333898521,-0.766505333898521,-0.704484891834525,0.704484891834525,-0.0475983397228258,0.0475983397228258,0.103517923974237,-0.103517923974237,1.34872694609623,-1.34872694609623,-0.718653286083493,0.718653286083493,-0.281332691753886,0.281332691753886,1.31449726889322,-1.31449726889322,-1.4720431806772,1.4720431806772,1.22686371122406,-1.22686371122406,-0.595674650415223,0.595674650415223,2.32530655395846,-2.32530655395846,0.466116994630564,-0.466116994630564,1.20879362655252,-1.20879362655252,2.41946359153624,-2.41946359153624,-0.373952920942986,0.373952920942986,0.440571889505627,-0.440571889505627,-0.165295931864956,0.165295931864956,-0.0755318869172635,0.0755318869172635,-0.703223279946811,0.703223279946811,2.09640689820528,-2.09640689820528,-0.800002673704043,0.800002673704043,-0.812636960371969,0.812636960371969,1.28610857960959,-1.28610857960959,-0.270677953557389,0.270677953557389,-0.954318157352493,0.954318157352493,-0.834924745172966,0.834924745172966,-0.279440042870565,0.279440042870565,0.676422662492821,-0.676422662492821,1.00149301932364,-1.00149301932364,0.860795881270541,-0.860795881270541,-2.07760134114072,2.07760134114072,0.40573647451433,-0.40573647451433,0.25982320936984,-0.25982320936984,-1.53905867012172,1.53905867012172,0.324496821857336,-0.324496821857336,0.714179423985111,-0.714179423985111,0.044792743540933,-0.044792743540933,2.11142020922837,-2.11142020922837,0.276150757162767,-0.276150757162767,-0.642063043558871,0.642063043558871,1.13676062804157,-1.13676062804157,2.22636614143846,-2.22636614143846,1.11541377413506,-1.11541377413506,-0.037181104759943,0.037181104759943,-0.896638642040281,0.896638642040281,0.185905971982399,-0.185905971982399,0.633318810119695,-0.633318810119695,-0.567521669224437,0.567521669224437,0.154780381091506,-0.154780381091506,-0.768227153969958,0.768227153969958,0.954524025207798,-0.954524025207798,-0.874093846458045,0.874093846458045,-1.12682774368114,1.12682774368114,-0.751969440189005,0.751969440189005,-0.254041822131366,0.254041822131366,0.101033482089909,-0.101033482089909,-0.627660173395022,0.627660173395022,0.277948955864934,-0.277948955864934,-0.952303765239129,0.952303765239129,-1.78784271404013,1.78784271404013,0.28226563433588,-0.28226563433588,-0.278442584165836,0.278442584165836,0.368614072662236,-0.368614072662236,0.130160217225597,-0.130160217225597,1.21590000508614,-1.21590000508614,-0.56837207753664,0.56837207753664,-0.550275024522614,0.550275024522614,-1.4090038545758,1.4090038545758,-0.437384975631534,0.437384975631534,-1.1360525922392,1.1360525922392,1.07461493691265,-1.07461493691265,-1.35496053616194,1.35496053616194,-1.86077694776301,1.86077694776301,0.578278718676864,-0.578278718676864,-0.0260964220552206,0.0260964220552206,0.483627729803465,-0.483627729803465,0.20280384579958,-0.20280384579958,1.93124388636914,-1.93124388636914,0.566322837095379,-0.566322837095379,1.35569417408524,-1.35569417408524,1.6362804989418,-1.6362804989418,-0.789798126317222,0.789798126317222,0.683470645917812,-0.683470645917812,-0.351123676128577,0.351123676128577,-1.12510500253002,1.12510500253002,-0.630456454715042,0.630456454715042,-0.055872268708875,0.055872268708875,0.743315391147096,-0.743315391147096,0.112718839526078,-0.112718839526078,0.381665760049267,-0.381665760049267,0.821047720096948,-0.821047720096948,1.37534974212478,-1.37534974212478,0.511743588642542,-0.511743588642542,-0.497637460796463,0.497637460796463,1.85385857846751,-1.85385857846751,2.12296742589325,-2.12296742589325,-0.472401772484422,0.472401772484422,0.230177050266883,-0.230177050266883,0.312407463063351,-0.312407463063351,0.978597633208758,-0.978597633208758,2.01208302440598,-2.01208302440598,-1.54194073351323,1.54194073351323,0.494510982670712,-0.494510982670712,1.41819681834449,-1.41819681834449,1.72866763312896,-1.72866763312896,0.754895940712592,-0.754895940712592,-0.110608754060043,0.110608754060043,-0.665553014150308,0.665553014150308,0.946243584324534,-0.946243584324534,-1.38145929751785,1.38145929751785,0.0239418424506917,-0.0239418424506917,-0.352481212033891,0.352481212033891,0.68268510054395,-0.68268510054395,-1.03905094603474,1.03905094603474,-0.304488275281424,0.304488275281424,-1.05217005850989,1.05217005850989,1.24674000218912,-1.24674000218912,-0.12188599430975,0.12188599430975,2.57449578228061,-2.57449578228061,-0.776669339223753,0.776669339223753,0.622217573068019,-0.622217573068019,-0.615125426854218,0.615125426854218,-0.640199544544906,0.640199544544906,-0.237452924768236,0.237452924768236,1.40122888587208,-1.40122888587208,-1.17050245859623,1.17050245859623,1.02608401310961,-1.02608401310961,1.43444037527343,-1.43444037527343,0.565454611047667,-0.565454611047667,-0.664270974705753,0.664270974705753,0.943425262364619,-0.943425262364619,-0.348621656122415,0.348621656122415,0.0437797314083348,-0.0437797314083348,-1.43679424603749,1.43679424603749,0.0801730250921476,-0.0801730250921476,1.1826985657824,-1.1826985657824,1.24441248243072,-1.24441248243072,-1.02521021715729,1.02521021715729,-0.504018816069983,0.504018816069983,0.180480938485057,-0.180480938485057,0.287436112167533,-0.287436112167533,1.05614366234809,-1.05614366234809,-0.91530235033193,0.91530235033193,0.595940202020341,-0.595940202020341,-0.0776569276588212,0.0776569276588212,1.69246914638275,-1.69246914638275,-1.51507327552324,1.51507327552324,-0.777271419503454,0.777271419503454,1.67850681198738,-1.67850681198738,-0.46535242670464,0.46535242670464,-2.63548333078475,2.63548333078475,-0.284377262747073,0.284377262747073,0.493183481165381,-0.493183481165381,0.376189348115218,-0.376189348115218,-0.552052805757768,0.552052805757768,-1.14967671522318,1.14967671522318,-0.63644195686661,0.63644195686661,-0.592886345059191,0.592886345059191,1.82591441263119,-1.82591441263119,-0.466154492873519,0.466154492873519,-1.02254361723847,1.02254361723847,1.00261113039732,-1.00261113039732,0.0995155582178168,-0.0995155582178168,0.624250748000092,-0.624250748000092,-0.406871478259406,0.406871478259406,0.492530793027562,-0.492530793027562,0.0124778702411096,-0.0124778702411096,-1.15517878099717,1.15517878099717,-1.34456517785499,1.34456517785499,0.634017552708256,-0.634017552708256,-0.207644325474638,0.207644325474638,1.76964996219859,-1.76964996219859,-1.5135675433428,1.5135675433428,0.635015856545069,-0.635015856545069,-0.164020638920482,0.164020638920482,-1.16468793100737,1.16468793100737,-0.226326154031457,0.226326154031457,-0.0657196778842249,0.0657196778842249,-0.0759151756168359,0.0759151756168359,-0.528136964325997,0.528136964325997,1.00576843770821,-1.00576843770821,-0.14192528673883,0.14192528673883,1.10835809118017,-1.10835809118017,-0.485450784958258,0.485450784958258,-0.42683381753038,0.42683381753038,0.899830300253465,-0.899830300253465,1.32844963211475,-1.32844963211475,-0.484027415304101,0.484027415304101,0.250395700364449,-0.250395700364449,0.458029348997843,-0.458029348997843,-0.575049308211114,0.575049308211114,-0.0569966747707583,0.0569966747707583,1.54157854835348,-1.54157854835348,-0.400869066033089,0.400869066033089,0.152450874959134,-0.152450874959134,0.183661425869016,-0.183661425869016,-1.47192886596003,1.47192886596003,-0.894087272036796,0.894087272036796,-1.92805861333455,1.92805861333455,-0.856818007364788,0.856818007364788,-0.290565615498068,0.290565615498068,-0.727897537163308,0.727897537163308,-1.96468108960113,1.96468108960113,-0.690091551549531,0.690091551549531,0.0378374871193641,-0.0378374871193641,-1.35009884906972,1.35009884906972,2.20729820112977,-2.20729820112977,-0.476226500409521,0.476226500409521,0.136065401858828,-0.136065401858828,-0.185509999938848,0.185509999938848,-0.178949486501858,0.178949486501858,1.29867558974024,-1.29867558974024,0.978563831883326,-0.978563831883326,-0.078478505159742,0.078478505159742,0.055783833128596,-0.055783833128596,0.683856873161799,-0.683856873161799,0.965214709281308,-0.965214709281308,-1.35085725436118,1.35085725436118,1.84425219026368,-1.84425219026368,-0.382777013286388,0.382777013286388,-1.25988079146598,1.25988079146598,-0.107442727587219,0.107442727587219,-1.78767609992519,1.78767609992519,0.942489933344953,-0.942489933344953,0.198272592008233,-0.198272592008233,-0.809090596212969,0.809090596212969,0.993220998835857,-0.993220998835857,-0.281528139718237,0.281528139718237,0.866774791962191,-0.866774791962191,-0.0914640175983428,0.0914640175983428,-0.922832839149003,0.922832839149003,1.73147524803778,-1.73147524803778,-0.270685343680152,0.270685343680152,1.24968206809482,-1.24968206809482,0.342370095114735,-0.342370095114735,-1.66665680865956,1.66665680865956,-0.221280958846291,0.221280958846291,-0.867711623316918,0.867711623316918,0.328276640903873,-0.328276640903873,-0.655864926497896,0.655864926497896,1.40295483697664,-1.40295483697664,-0.205505985983765,0.205505985983765,0.352879318807611,-0.352879318807611,1.16739988057682,-1.16739988057682,0.477738879835724,-0.477738879835724,-0.691190355762032,0.691190355762032,-0.499793977541423,0.499793977541423,-1.23685410302056,1.23685410302056,1.14848459933162,-1.14848459933162,-0.916378718158336,0.916378718158336,-0.935986097633832,0.935986097633832,-0.781343509652362,0.781343509652362,-1.77892458426771,1.77892458426771,0.0537367087674756,-0.0537367087674756,-2.38348136123819,2.38348136123819,1.93334429836718,-1.93334429836718,0.403381650534246,-0.403381650534246,-0.136107676626099,0.136107676626099,-0.785332661556342,0.785332661556342,1.14265936286897,-1.14265936286897,-1.06622621737388,1.06622621737388,0.724010120568777,-0.724010120568777,0.485832818519016,-0.485832818519016,-0.83715377120134,0.83715377120134,-0.32863966320745,0.32863966320745,0.959225597135954,-0.959225597135954,-0.194970140141262,0.194970140141262,1.30625571401391,-1.30625571401391,1.34014838302992,-1.34014838302992,0.458045459049909,-0.458045459049909,-0.67141630142653,0.67141630142653,0.556252516250514,-0.556252516250514,-0.125320386065238,0.125320386065238,-0.994308921242713,0.994308921242713,0.341694750442028,-0.341694750442028,-0.0925990649298201,0.0925990649298201,1.39464459639509,-1.39464459639509,0.294558249038189,-0.294558249038189,-1.49627568316092,1.49627568316092,0.287356989789058,-0.287356989789058,-0.739898790388557,0.739898790388557,-0.271027122521441,0.271027122521441,0.319555255395481,-0.319555255395481,0.822628719911933,-0.822628719911933,0.296125901034315,-0.296125901034315,1.21047072622807,-1.21047072622807,0.181692218223287,-0.181692218223287,0.0597231202047466,-0.0597231202047466,-0.738037376628161,0.738037376628161,-0.421376534339222,0.421376534339222,1.47802081244058,-1.47802081244058,3.79992578056789,-3.79992578056789,0.648218200546351,-0.648218200546351,0.75295977211526,-0.75295977211526,1.362030849038,-1.362030849038,-0.449437155684656,0.449437155684656,0.69679796519742,-0.69679796519742,-0.383464149513861,0.383464149513861,0.184635383308832,-0.184635383308832,-2.8265002813899,2.8265002813899,0.545476837474676,-0.545476837474676,0.917553782522311,-0.917553782522311,0.651500125919553,-0.651500125919553,-0.460999600347993,0.460999600347993,-0.0101798198404335,0.0101798198404335,2.013830390407,-2.013830390407,-1.75530239224138,1.75530239224138,-0.733370375992173,0.733370375992173,-0.844376150640648,0.844376150640648,-1.12838896195499,1.12838896195499,0.757723699806302,-0.757723699806302,-1.94973646862134,1.94973646862134,-0.676748184238924,0.676748184238924,1.82606239836849,-1.82606239836849,1.82978092474766,-1.82978092474766,-0.618929480858435,0.618929480858435,-0.829346035460675,0.829346035460675,0.409894680879745,-0.409894680879745,-1.80699195710973,1.80699195710973,0.749674535697043,-0.749674535697043,-0.622162304856853,0.622162304856853,-0.498705749778951,0.498705749778951,0.761290618921298,-0.761290618921298,1.39755285895878,-1.39755285895878,0.142097137715909,-0.142097137715909,-1.29905980089954,1.29905980089954,0.438857332874659,-0.438857332874659,-0.327437720296635,0.327437720296635,-0.649975099614725,0.649975099614725,1.030583114475,-1.030583114475,0.0478509432851926,-0.0478509432851926,-0.179944610691972,0.179944610691972,-0.342167089519092,0.342167089519092,1.20781556561596,-1.20781556561596,2.47764056691334,-2.47764056691334,0.72515480551502,-0.72515480551502,1.62302231181422,-1.62302231181422,-0.837417961156129,0.837417961156129,-1.22924692183795,1.22924692183795,-0.767120861959814,0.767120861959814,0.43215495811372,-0.43215495811372,0.0266212156117037,-0.0266212156117037,0.217580917706636,-0.217580917706636,0.317534700551754,-0.317534700551754,-0.221090175583051,0.221090175583051,-1.24115718128885,1.24115718128885,-0.53289710895995,0.53289710895995,1.30563266698857,-1.30563266698857,-0.00646485545939356,0.00646485545939356,0.557359955822878,-0.557359955822878,-0.522786618640902,0.522786618640902,-0.234083655030096,0.234083655030096,0.0491503792230222,-0.0491503792230222,-1.13473333928456,1.13473333928456,1.5915707631876,-1.5915707631876,1.259933886798,-1.259933886798,1.07454210576387,-1.07454210576387,-0.947887626874673,0.947887626874673,-1.15535656237065,1.15535656237065,-0.779984145256141,0.779984145256141,-1.70134327233122,1.70134327233122,0.755371796565998,-0.755371796565998,-0.0740360905823941,0.0740360905823941,-0.175162617991129,0.175162617991129,0.32252636177966,-0.32252636177966,0.0338449998114543,-0.0338449998114543,0.0762221950337088,-0.0762221950337088,0.867354854712835,-0.867354854712835,-0.334298591441366,0.334298591441366,-0.316450374992785,0.316450374992785,-1.19070968348127,1.19070968348127,0.514051165263728,-0.514051165263728,0.522703224528762,-0.522703224528762,1.63308380428191,-1.63308380428191,-0.665124548314114,0.665124548314114,1.18083980889775,-1.18083980889775,2.1631469074322,-2.1631469074322,-0.582272098805854,0.582272098805854,-0.00534484394131583,0.00534484394131583,-0.872643105529412,0.872643105529412,-0.739197374604289,0.739197374604289,-0.310370269518999,0.310370269518999,0.6666130294428,-0.6666130294428,-2.01219279715346,2.01219279715346,-1.54800094475196,1.54800094475196,-0.421684302985571,0.421684302985571,0.586474070285476,-0.586474070285476,1.20352053198444,-1.20352053198444,1.18037294464805,-1.18037294464805,0.562375152987732,-0.562375152987732,0.34747696376757,-0.34747696376757,-0.184767505750542,0.184767505750542,-0.750973204660477,0.750973204660477,-0.198367684250323,0.198367684250323,-0.643357923193609,0.643357923193609,0.218395799583905,-0.218395799583905,0.91470507549295,-0.91470507549295,0.454887855995655,-0.454887855995655,-0.873816924965133,0.873816924965133,0.0666577018258509,-0.0666577018258509,-0.726149692453846,0.726149692453846,-0.70203754560074,0.70203754560074,1.30151737830402,-1.30151737830402,1.27390140990013,-1.27390140990013,0.256396141687682,-0.256396141687682,-1.54676489542315,1.54676489542315,1.61847962940627,-1.61847962940627,-2.21847959526932,2.21847959526932,-0.486451594228232,0.486451594228232,-0.881714539002252,0.881714539002252,1.07307695372406,-1.07307695372406,-1.56978057801094,1.56978057801094,-0.53239395185426,0.53239395185426,-0.213358235003454,0.213358235003454,-0.427836922448334,0.427836922448334,0.346574425751999,-0.346574425751999,-1.06583387109113,1.06583387109113,0.10815892751155,-0.10815892751155,1.67721942965183,-1.67721942965183,-0.693967569700522,0.693967569700522,-0.317275377515376,0.317275377515376,-0.639502728067808,0.639502728067808,0.21928275872292,-0.21928275872292,0.861473124168879,-0.861473124168879,0.555410398652399,-0.555410398652399,-0.402121071715181,0.402121071715181,-0.0505772683831989,0.0505772683831989,-0.803688608148129,0.803688608148129,0.550105311644347,-0.550105311644347,-0.371133874809909,0.371133874809909,-1.75990081262667,1.75990081262667,1.17102818700272,-1.17102818700272,0.783013690749377,-0.783013690749377,1.91559729523292,-1.91559729523292,0.0936183531893689,-0.0936183531893689,0.0497398481369971,-0.0497398481369971,-0.256730965615787,0.256730965615787,-0.533007124183344,0.533007124183344,0.185403212140398,-0.185403212140398,-0.162254115763585,0.162254115763585,-0.0207135384003038,0.0207135384003038,0.0183079059362587,-0.0183079059362587,-0.426371237963119,0.426371237963119,0.918905893101537,-0.918905893101537,1.38452799794538,-1.38452799794538,-0.165508374894826,0.165508374894826,-0.0318645669356546,0.0318645669356546,0.690720324162804,-0.690720324162804,0.455373618968148,-0.455373618968148,0.527153734329207,-0.527153734329207,-1.57146710954609,1.57146710954609,-1.1365383351337,1.1365383351337,-0.11007544994236,0.11007544994236,-2.24550539704525,2.24550539704525,0.233441672036157,-0.233441672036157,-2.57598599525702,2.57598599525702,-0.366651617972515,0.366651617972515,1.1872789043963,-1.1872789043963,0.0322768399941544,-0.0322768399941544,-0.430428946305151,0.430428946305151,1.45976576222996,-1.45976576222996,-0.888997949515073,0.888997949515073,-0.915667194382387,0.915667194382387,1.41520339909832,-1.41520339909832,1.10905971994179,-1.10905971994179,-1.2542554173375,1.2542554173375,-0.686057201669459,0.686057201669459,0.335993923958315,-0.335993923958315,1.10101303739883,-1.10101303739883,-1.34858895503006,1.34858895503006,0.944698157668042,-0.944698157668042,1.14619403634016,-1.14619403634016,-0.0594693947201638,0.0594693947201638,0.562568773254016,-0.562568773254016,0.971530441485228,-0.971530441485228,-0.628182359701214,0.628182359701214,1.31880626322978,-1.31880626322978,-2.53870087939293,2.53870087939293,1.90276367698177,-1.90276367698177,0.308376740678879,-0.308376740678879,-2.03907544151358,2.03907544151358,-0.0647189231667519,0.0647189231667519,-0.685831778232901,0.685831778232901,0.56871496248619,-0.56871496248619,0.6703205098027,-0.6703205098027,1.33753309534706,-1.33753309534706,-1.41602856226962,1.41602856226962,-0.0225423791024689,0.0225423791024689,-1.79631939519217,1.79631939519217,0.114934647633225,-0.114934647633225,-0.0252101319455013,0.0252101319455013,0.350082817498712,-0.350082817498712,-0.106862824761537,0.106862824761537,0.102877110989752,-0.102877110989752,0.633173990850023,-0.633173990850023,1.23424343744668,-1.23424343744668,0.304414519622683,-0.304414519622683,1.68521686290349,-1.68521686290349,-1.40982625081291,1.40982625081291,-0.920963004065687,0.920963004065687,-1.08587519983296,1.08587519983296,0.282186639313761,-0.282186639313761,-0.19716737989138,0.19716737989138,0.525721224942481,-0.525721224942481,-1.14108598490147,1.14108598490147,0.849429302430514,-0.849429302430514,-0.747825498355587,0.747825498355587,0.998103795345231,-0.998103795345231,1.82939651758296,-1.82939651758296,-1.20097649955304,1.20097649955304,0.399217213267872,-0.399217213267872,0.973440485447028,-0.973440485447028,-2.20192147622616,2.20192147622616,-0.408386210745766,0.408386210745766,1.41190987575124,-1.41190987575124,0.882832191149916,-0.882832191149916,0.960746027968429,-0.960746027968429,-0.474883953664416,0.474883953664416,-0.00913725140524275,0.00913725140524275,-1.95727642259157,1.95727642259157,0.594158892206077,-0.594158892206077,-1.48126881220543,1.48126881220543,1.57192166158553,-1.57192166158553,1.22555220060158,-1.22555220060158,-1.37845224151414,1.37845224151414,-1.18642978319615,1.18642978319615,-1.24723372537143,1.24723372537143,0.546622935170395,-0.546622935170395,1.51076204577344,-1.51076204577344,0.0157035320320596,-0.0157035320320596,0.627433690533962,-0.627433690533962,1.29554106428407,-1.29554106428407,1.55564561008166,-1.55564561008166,-1.48431447505165,1.48431447505165,-0.262261380288128,0.262261380288128,-0.375378126831361,0.375378126831361,-0.94751393388769,0.94751393388769,-2.36427134522311,2.36427134522311,-0.730437285413318,0.730437285413318,-1.5135586093374,1.5135586093374,-1.01420110864044,1.01420110864044,0.604037868965201,-0.604037868965201,0.139835667272393,-0.139835667272393,1.17441651037157,-1.17441651037157,-0.710978131864724,0.710978131864724,0.936058317222737,-0.936058317222737,-0.495423606831357,0.495423606831357,-0.88051489975835,0.88051489975835,0.809878947815204,-0.809878947815204,1.32093837691217,-1.32093837691217,0.685105776172435,-0.685105776172435,-1.02529238204663,1.02529238204663,1.53055783145534,-1.53055783145534,-0.652272336535052,0.652272336535052,0.226739018610193,-0.226739018610193,-0.0171749406663244,0.0171749406663244,-1.38082479328716,1.38082479328716,1.14285969425837,-1.14285969425837,1.22645295462397,-1.22645295462397,-0.657433939853098,0.657433939853098,1.08498089989837,-1.08498089989837,1.13687265093665,-1.13687265093665,1.52802222397093,-1.52802222397093,2.62177582009828,-2.62177582009828,-1.80940490258159,1.80940490258159,-0.628191633002969,0.628191633002969,-1.97128961442098,1.97128961442098,-0.464218498890041,0.464218498890041,1.03518841624181,-1.03518841624181,0.394134082536986,-0.394134082536986,1.08840556179586,-1.08840556179586,-0.926925512925534,0.926925512925534,0.923464973720199,-0.923464973720199,-0.451326386946752,0.451326386946752,-0.139046593224802,0.139046593224802,-0.890018412564781,0.890018412564781,-0.311100613669985,0.311100613669985,-0.167393138968579,0.167393138968579,0.0218637051809564,-0.0218637051809564,2.52402175180513,-2.52402175180513,0.355244605134114,-0.355244605134114,-0.540292465399205,0.540292465399205,1.45517929742467,-1.45517929742467,-0.0867328678859798,0.0867328678859798,0.704275158065846,-0.704275158065846,0.690898134372028,-0.690898134372028,1.08355328702326,-1.08355328702326,-2.02904883716024,2.02904883716024,-1.3676276628071,1.3676276628071,0.347812003932347,-0.347812003932347,-1.13208959230921,1.13208959230921,-0.422814331584913,0.422814331584913,0.0335565278475915,-0.0335565278475915,0.0724363551827918,-0.0724363551827918,-0.567643527521691,0.567643527521691,0.0659617970008576,-0.0659617970008576,0.621025880722192,-0.621025880722192,0.536891787252987,-0.536891787252987,-1.31546560538794,1.31546560538794,0.222874636144034,-0.222874636144034,0.929388171390509,-0.929388171390509,-1.83643588901033,1.83643588901033,0.391058143699105,-0.391058143699105,-0.381310010156785,0.381310010156785,-0.862940908884588,0.862940908884588,-2.36174280441981,2.36174280441981,-1.18082461419807,1.18082461419807,-0.928087599229549,0.928087599229549,-1.17152044111288,1.17152044111288,-0.938994237199387,0.938994237199387,-0.281202272727043,0.281202272727043,0.667980525082118,-0.667980525082118,-1.12069184120021,1.12069184120021,2.29111835144405,-2.29111835144405,1.14429064996284,-1.14429064996284,-1.84947929781167,1.84947929781167,0.863947871603522,-0.863947871603522,-0.402105405940398,0.402105405940398,0.0914029984757844,-0.0914029984757844,-0.526653747345664,0.526653747345664,-0.726667186215375,0.726667186215375,-1.70716915007214,1.70716915007214,1.06505281386906,-1.06505281386906,-0.128390343251683,0.128390343251683,0.489526572294074,-0.489526572294074,0.0298355920470079,-0.0298355920470079,0.689983445306053,-0.689983445306053,-0.643897068531847,0.643897068531847,-0.113214390641773,0.113214390641773,-0.913998060813903,0.913998060813903,-0.889009440919834,0.889009440919834,0.534941245227425,-0.534941245227425,0.539599570775782,-0.539599570775782,-0.425869487227957,0.425869487227957,0.550732686666755,-0.550732686666755,2.02883311162444,-2.02883311162444,-0.694188931129765,0.694188931129765,1.17684110471647,-1.17684110471647,1.33044019480563,-1.33044019480563,-0.616734777056048,0.616734777056048,0.839963116263174,-0.839963116263174,-0.933503293108862,0.933503293108862,-0.419724156425032,0.419724156425032,0.201868094609981,-0.201868094609981,-0.608201213980405,0.608201213980405,0.856205643614474,-0.856205643614474,-1.07553107775195,1.07553107775195,-0.845669475903572,0.845669475903572,-0.783547322324879,0.783547322324879,1.3732955991182,-1.3732955991182,1.55608648059133,-1.55608648059133,2.15905011472439,-2.15905011472439,-0.839697531368924,0.839697531368924,-0.244667542188812,0.244667542188812,0.769619546517586,-0.769619546517586,-1.00780309117448,1.00780309117448,0.487176781674906,-0.487176781674906,-0.259650503099582,0.259650503099582,-0.921906744531844,0.921906744531844,1.13055725835639,-1.13055725835639,-1.36830928499782,1.36830928499782,0.835976801099149,-0.835976801099149,-0.125584676986682,0.125584676986682,-1.63011815063042,1.63011815063042,1.09422261280898,-1.09422261280898,1.08940808741798,-1.08940808741798,-0.741606508388262,0.741606508388262,0.138794336493193,-0.138794336493193,0.904519754290832,-0.904519754290832,0.154505490429346,-0.154505490429346,1.31343900796674,-1.31343900796674,0.769025116684139,-0.769025116684139,-0.306038837654903,0.306038837654903,-1.12951207689909,1.12951207689909,-0.337728909495984,0.337728909495984,0.325605224195877,-0.325605224195877,0.997444286199788,-0.997444286199788,0.872522730746695,-0.872522730746695,0.334047395171654,-0.334047395171654,-0.557487399895172,0.557487399895172,0.754038882078849,-0.754038882078849,-0.394872966414483,0.394872966414483,0.029427895297149,-0.029427895297149,-0.373237229691525,0.373237229691525,0.301706334132671,-0.301706334132671,-1.39580228905233,1.39580228905233,-0.613900636898993,0.613900636898993,0.873530358364844,-0.873530358364844,-1.36619929562913,1.36619929562913,-1.10005327457061,1.10005327457061,-0.231580166713526,0.231580166713526,0.391128979081527,-0.391128979081527,0.00608600389120881,-0.00608600389120881,-0.871292532122698,0.871292532122698,-0.607326010837416,0.607326010837416,1.48563601939544,-1.48563601939544,0.993568603645713,-0.993568603645713,-0.301417596467584,0.301417596467584,0.205302715314797,-0.205302715314797,2.15770984832476,-2.15770984832476,-0.622485495880831,0.622485495880831,2.54268106553763,-2.54268106553763,-2.07875624424657,2.07875624424657,-0.77090570396589,0.77090570396589,0.800290269785287,-0.800290269785287,-0.854552124730504,0.854552124730504,0.653207433519752,-0.653207433519752,1.20645546065978,-1.20645546065978,0.00836409249828409,-0.00836409249828409,0.200977350593646,-0.200977350593646,1.75161955808926,-1.75161955808926,0.795606180982168,-0.795606180982168,-1.39118624704797,1.39118624704797,0.505770870913272,-0.505770870913272,0.909815380195295,-0.909815380195295,-0.113911276741771,0.113911276741771,0.23573507290818,-0.23573507290818,0.498289766268092,-0.498289766268092,1.03704552848786,-1.03704552848786,-1.14403890474056,1.14403890474056,-1.39024619192558,1.39024619192558,0.578284163712295,-0.578284163712295,-0.234559492594848,0.234559492594848,0.263080887566573,-0.263080887566573,0.220251421943813,-0.220251421943813,1.17167225208438,-1.17167225208438,-0.0998789514273738,0.0998789514273738,-0.825102936135329,0.825102936135329,0.469809205037261,-0.469809205037261,0.964500025203171,-0.964500025203171,0.467276942774567,-0.467276942774567,1.11223510400103,-1.11223510400103,1.57943150095036,-1.57943150095036,-0.256754429139074,0.256754429139074,-0.308106729259835,0.308106729259835,-0.0817646821693833,0.0817646821693833,0.980890295424359,-0.980890295424359,0.161111030479018,-0.161111030479018,0.155225861501234,-0.155225861501234,-0.801431482135809,0.801431482135809,1.26583386534381,-1.26583386534381,0.341183523301437,-0.341183523301437,-0.031442016031034,0.031442016031034,-1.27187416775532,1.27187416775532,0.700074667887755,-0.700074667887755,-1.18388677989721,1.18388677989721,-1.08386969061529,1.08386969061529,-0.281944090719923,0.281944090719923,-0.758784497738583,0.758784497738583,1.71557012440287,-1.71557012440287,0.814516151874932,-0.814516151874932,-0.602436790852017,0.602436790852017,0.394935860909092,-0.394935860909092,1.72204781591472,-1.72204781591472,0.653991618189486,-0.653991618189486,-1.62782095130343,1.62782095130343,0.797223300380828,-0.797223300380828,-0.388276762252815,0.388276762252815,0.450000120942959,-0.450000120942959,0.0716243078728654,-0.0716243078728654,-0.421886196683612,0.421886196683612,0.147175454027624,-0.147175454027624,0.535032385888125,-0.535032385888125,1.45701336360121,-1.45701336360121,-0.193937606199111,0.193937606199111,0.438393706953075,-0.438393706953075,-0.704111354094183,0.704111354094183,-1.34335788100901,1.34335788100901,-0.330206329155869,0.330206329155869,-1.95521727643019,1.95521727643019,1.51696373248063,-1.51696373248063,-0.51933380886069,0.51933380886069,-1.04675729146896,1.04675729146896,1.70353579295327,-1.70353579295327,-0.309911733587314,0.309911733587314,1.28159201987126,-1.28159201987126,2.23722154000522,-2.23722154000522,-0.201359755338644,0.201359755338644,-2.14276602747452,2.14276602747452,-0.0891567668625667,0.0891567668625667,-2.04587588222618,2.04587588222618,-1.56026760789528,1.56026760789528,-1.23041447018146,1.23041447018146,0.0103349201315617,-0.0103349201315617,0.0235789013174674,-0.0235789013174674,0.116584237254162,-0.116584237254162,1.65852464806193,-1.65852464806193,1.49126126460215,-1.49126126460215,-0.628494765683672,0.628494765683672,-1.28523085664534,1.28523085664534,-1.8486335270768,1.8486335270768,-1.2315696075773,1.2315696075773,-0.477124072702815,0.477124072702815,-0.526054838316905,0.526054838316905,1.84204463882287,-1.84204463882287,0.132126262707383,-0.132126262707383,1.00629443187422,-1.00629443187422,-1.14255547027197,1.14255547027197,-0.57275365102494,0.57275365102494,-1.30559589651277,1.30559589651277,-1.31794653851226,1.31794653851226,0.301464836283794,-0.301464836283794,-1.83317577443553,1.83317577443553,1.40627353666053,-1.40627353666053,0.726661101707894,-0.726661101707894,-0.364437926371181,0.364437926371181,1.20945373940399,-1.20945373940399,0.436514576204463,-0.436514576204463,-0.170983232699504,0.170983232699504,0.736051955027276,-0.736051955027276,0.053739463737546,-0.053739463737546,0.24682384393939,-0.24682384393939,-1.71020051310582,1.71020051310582,0.442766401453408,-0.442766401453408,-0.00499869304001724,0.00499869304001724,-0.73289832120721,0.73289832120721,0.542199370270344,-0.542199370270344,-1.09352207788514,1.09352207788514,-0.34789755093981,0.34789755093981,-0.858281824539826,0.858281824539826,-0.244128081698863,0.244128081698863,0.500337721421949,-0.500337721421949,-1.19509377998089,1.19509377998089,-2.39715828367887,2.39715828367887,0.848401385280814,-0.848401385280814,-0.325566667337834,0.325566667337834,-0.682356536574764,0.682356536574764,-1.37824079401796,1.37824079401796,-0.0317845778306963,0.0317845778306963,0.242478199555632,-0.242478199555632,-0.244998365625934,0.244998365625934,0.548149505479017,-0.548149505479017,0.476478940283691,-0.476478940283691,1.03200712885591,-1.03200712885591,0.823689017468735,-0.823689017468735,0.338996750766819,-0.338996750766819,0.196655743741937,-0.196655743741937,-0.070400694526427,0.070400694526427,-1.19299434509086,1.19299434509086,0.696709611284229,-0.696709611284229,-0.0456445705286687,0.0456445705286687,0.477353254907998,-0.477353254907998,1.49456673514311,-1.49456673514311,-0.854349738488631,0.854349738488631,-1.04699314869608,1.04699314869608,-0.259998526326817,0.259998526326817,1.09091678653646,-1.09091678653646,-0.148680229377423,0.148680229377423,0.11426878042748,-0.11426878042748,0.266185033870837,-0.266185033870837,1.86441481186176,-1.86441481186176,-0.302800420683996,0.302800420683996,-0.38421654201122,0.38421654201122,-1.80638626055139,1.80638626055139,0.152133190350686,-0.152133190350686,-0.716621394220555,0.716621394220555,-1.91883605182998,1.91883605182998,-0.186223198770222,0.186223198770222,-1.35684760100426,1.35684760100426,0.62504507930535,-0.62504507930535,0.781957840678962,-0.781957840678962,0.337613736925549,-0.337613736925549,-0.891326659491592,0.891326659491592,0.454587403270316,-0.454587403270316,1.32549865736775,-1.32549865736775,-1.08350991242507,1.08350991242507,-1.02009580104274,1.02009580104274,0.589279758807002,-0.589279758807002,-0.607631715151281,0.607631715151281,2.55493799949608,-2.55493799949608,-0.739138880500994,0.739138880500994,0.796407631157132,-0.796407631157132,-0.0931342539657785,0.0931342539657785,1.44397289753268,-1.44397289753268,-0.584947528931876,0.584947528931876,-0.340187451098243,0.340187451098243,-0.532181862000006,0.532181862000006,1.19076522807997,-1.19076522807997,0.642313053688287,-0.642313053688287,-0.988366799910742,0.988366799910742,-1.05805545421168,1.05805545421168,1.6490791819384,-1.6490791819384,-0.241511694934143,0.241511694934143,0.587562319466342,-0.587562319466342,-0.115346673999563,0.115346673999563,1.016185030349,-1.016185030349,-0.791409416346382,0.791409416346382,-1.13744302607232,1.13744302607232,1.31676615701471,-1.31676615701471,0.848335751512288,-0.848335751512288,0.283140643777298,-0.283140643777298,0.325430901610607,-0.325430901610607,0.548963371164266,-0.548963371164266,-0.909037508056578,0.909037508056578,-1.31482924886383,1.31482924886383,0.0660519045835752,-0.0660519045835752,0.597505341536229,-0.597505341536229,-0.706607290576836,0.706607290576836,-1.72700691473261,1.72700691473261,-1.04308641199689,1.04308641199689,-0.156723886361189,0.156723886361189,1.17388266846303,-1.17388266846303,-1.38442709739843,1.38442709739843,0.751612810162797,-0.751612810162797,-0.709868079006803,0.709868079006803,-0.551639435319341,0.551639435319341,-0.30824456153668,0.30824456153668,-0.0333528408800301,0.0333528408800301,0.0119694078830867,-0.0119694078830867,-1.22238441734474,1.22238441734474,0.0785448015592057,-0.0785448015592057,0.41535563780476,-0.41535563780476,-1.11688642432,1.11688642432,0.0642344268604774,-0.0642344268604774,-0.542887239952002,0.542887239952002,1.3035422673588,-1.3035422673588,-1.28498553423389,1.28498553423389,1.71745826034084,-1.71745826034084,-0.656208109772422,0.656208109772422,1.66825879780782,-1.66825879780782,1.21618643477699,-1.21618643477699,0.126972369049035,-0.126972369049035,0.312031796621102,-0.312031796621102,0.0714353626074305,-0.0714353626074305,-0.034595257346311,0.034595257346311,0.833074037994334,-0.833074037994334,1.12315804093467,-1.12315804093467,-0.226744277333167,0.226744277333167,1.56902826984703,-1.56902826984703,0.850086131856564,-0.850086131856564,-0.359372793486631,0.359372793486631,-0.0719433358680149,0.0719433358680149,0.888637955295061,-0.888637955295061,0.725304064296731,-0.725304064296731,0.0109727151663301,-0.0109727151663301,-0.980044865383349,0.980044865383349,0.114878205860976,-0.114878205860976,-0.413664402058727,0.413664402058727,0.727909953521328,-0.727909953521328,1.3045389744064,-1.3045389744064,0.0183532459688855,-0.0183532459688855,1.12447272342718,-1.12447272342718,-0.302965904184427,0.302965904184427,1.23759408211975,-1.23759408211975,-0.0900641227376612,0.0900641227376612,0.4618182054447,-0.4618182054447,2.39819565632836,-2.39819565632836,0.318275461637829,-0.318275461637829,-0.501927242977213,0.501927242977213,0.574614722259787,-0.574614722259787,-1.11883449846692,1.11883449846692,-1.84722267549625,1.84722267549625,-1.18767565136403,1.18767565136403,0.317647552871034,-0.317647552871034,-0.286306070283494,0.286306070283494,-0.18506990252259,0.18506990252259,-0.761046102265418,0.761046102265418,0.784962341541173,-0.784962341541173,-1.56685659564192,1.56685659564192,-0.26723901933756,0.26723901933756,0.859170454538837,-0.859170454538837,0.203269094114478,-0.203269094114478,0.268662935556514,-0.268662935556514,2.69116765778562,-2.69116765778562,0.939246411100496,-0.939246411100496,0.0897472298095836,-0.0897472298095836,-1.70990591811905,1.70990591811905,-1.45562857744886,1.45562857744886,0.280438235550418,-0.280438235550418,-0.446050895162997,0.446050895162997,-0.601224356946803,0.601224356946803,-0.265226107462171,0.265226107462171,1.40370162621749,-1.40370162621749,1.08308942437744,-1.08308942437744,-1.22098875566947,1.22098875566947,1.47966458281258,-1.47966458281258,1.30381832488277,-1.30381832488277,-0.0645583269543584,0.0645583269543584,-0.392960782532476,0.392960782532476,1.28221035931066,-1.28221035931066,-0.593801191263637,0.593801191263637,0.247285433681807,-0.247285433681807,-1.68869404958618,1.68869404958618,-0.506923473650501,0.506923473650501,-0.925711261279614,0.925711261279614,0.939749825025991,-0.939749825025991,-0.13832549928848,0.13832549928848,-0.73552024992137,0.73552024992137,2.58929624520826,-2.58929624520826,0.156591060670603,-0.156591060670603,-1.24952107239261,1.24952107239261,1.63641106413868,-1.63641106413868,0.609095811016164,-0.609095811016164,-1.08844978199742,1.08844978199742,-0.225018795660752,0.225018795660752,-0.625749735403626,0.625749735403626,2.01891732774297,-2.01891732774297,-1.00557062827581,1.00557062827581,-0.790450155938271,0.790450155938271,-1.18953886080168,1.18953886080168,-1.32944747648955,1.32944747648955,0.459369264251433,-0.459369264251433,0.186320320086098,-0.186320320086098,-0.392443465306549,0.392443465306549,-0.433065939143887,0.433065939143887,1.98880388840642,-1.98880388840642,-1.76299326293382,1.76299326293382,0.101537783032914,-0.101537783032914,-0.327847604162127,0.327847604162127,-0.890455274056506,0.890455274056506,0.230932709186785,-0.230932709186785,1.58824066580959,-1.58824066580959,1.53475999449023,-1.53475999449023,-0.248624603535455,0.248624603535455,0.524951272013242,-0.524951272013242,0.950088448480803,-0.950088448480803,0.801339552469416,-0.801339552469416,0.738569425850127,-0.738569425850127,2.0140762083706,-2.0140762083706,-0.385972038931157,0.385972038931157,0.40075032079124,-0.40075032079124,-2.20878620516594,2.20878620516594,-0.936998611510568,0.936998611510568,0.366839411076315,-0.366839411076315,-1.40436059403268,1.40436059403268,-0.75160800930328,0.75160800930328,-0.460873407573694,0.460873407573694,0.477103748733899,-0.477103748733899,1.44859117640874,-1.44859117640874,-1.62501169492915,1.62501169492915,-0.899412740278959,0.899412740278959,-0.138205335543786,0.138205335543786,0.395769610812476,-0.395769610812476,-0.847514765320741,0.847514765320741,-0.190099438213633,0.190099438213633,0.183065678308701,-0.183065678308701,-0.264512086329924,0.264512086329924,-0.108746980538731,0.108746980538731,1.21625966160571,-1.21625966160571,1.15371028684488,-1.15371028684488,-1.31463590277284,1.31463590277284,-0.297601832553206,0.297601832553206,0.833577989577671,-0.833577989577671,0.145898918431901,-0.145898918431901,-1.03568597909682,1.03568597909682,0.751082337403107,-0.751082337403107,0.573814446475608,-0.573814446475608,-2.22590816208504,2.22590816208504,1.99679614137964,-1.99679614137964,0.333590776024692,-0.333590776024692,-0.253765152144191,0.253765152144191,1.14677720079087,-1.14677720079087,-0.340554063058693,0.340554063058693,0.331055839451252,-0.331055839451252,-2.64929604227178,2.64929604227178,0.820099273674065,-0.820099273674065,0.631334191869957,-0.631334191869957,1.83633995353576,-1.83633995353576,0.608300411659203,-0.608300411659203,0.973843050425281,-0.973843050425281,0.390332147471135,-0.390332147471135,0.88880708721814,-0.88880708721814,-1.10213470261283,1.10213470261283,1.16720048032822,-1.16720048032822,1.04326049964941,-1.04326049964941,-0.258082218681908,0.258082218681908,-0.377360956344334,0.377360956344334,-1.46680173375181,1.46680173375181,-1.02228022656755,1.02228022656755,0.127789186084741,-0.127789186084741,-0.569773559162297,0.569773559162297,-0.0513209774411554,0.0513209774411554,-2.03610788262032,2.03610788262032,-1.55405311290732,1.55405311290732,-0.89869841827587,0.89869841827587,0.9269218267302,-0.9269218267302,0.134756017945769,-0.134756017945769,0.236287489721935,-0.236287489721935,-0.962465832536929,0.962465832536929,-1.39967090851918,1.39967090851918,0.162432090301346,-0.162432090301346,1.74721268046275,-1.74721268046275,-2.13478767780349,2.13478767780349,-0.725013096590764,0.725013096590764,0.116874527965987,-0.116874527965987,-0.0618393796709322,0.0618393796709322,1.45939879033684,-1.45939879033684,0.178140277384796,-0.178140277384796,0.589851784690629,-0.589851784690629,-0.9288761593987,0.9288761593987,-1.06734342047632,1.06734342047632,-0.28298119968511,0.28298119968511,-0.311079826716009,0.311079826716009,1.25906514503912,-1.25906514503912,0.659008426748216,-0.659008426748216,-0.686118154017688,0.686118154017688,-0.177189771300872,0.177189771300872,-0.520816278294996,0.520816278294996,-2.49879002736283,2.49879002736283,-2.35214965925325,2.35214965925325,-0.479873040328309,0.479873040328309,-0.198366560502677,0.198366560502677,-0.0894932884610387,0.0894932884610387,-1.50070705287364,1.50070705287364,-0.146123760707382,0.146123760707382,0.706029235463485,-0.706029235463485,-0.596020319256907,0.596020319256907,-0.714459584537814,0.714459584537814,1.98811914611623,-1.98811914611623,0.530548115317161,-0.530548115317161,0.835581063934412,-0.835581063934412,1.84707562982524,-1.84707562982524,-0.12963058859514,0.12963058859514,-0.725712601437795,0.725712601437795,-0.219073349466473,0.219073349466473,0.351882298053133,-0.351882298053133,0.577647069893358,-0.577647069893358,0.287063695555503,-0.287063695555503,0.0875131955519551,-0.0875131955519551,0.340198952932983,-0.340198952932983,-1.80820814494545,1.80820814494545,-0.847820279073366,0.847820279073366,-0.701178723405652,0.701178723405652,0.162954858092106,-0.162954858092106,-0.486827675554297,0.486827675554297,0.282756390211908,-0.282756390211908,-0.495276868749579,0.495276868749579,0.753644982567738,-0.753644982567738,-0.202950213452636,0.202950213452636,-0.647444278861505,0.647444278861505,0.111883031825227,-0.111883031825227,0.177805338694872,-0.177805338694872,0.864153793617699,-0.864153793617699,-1.57811897134229,1.57811897134229,-1.0014969454061,1.0014969454061,0.395261957694467,-0.395261957694467,-1.3350910951093,1.3350910951093,-1.66779979265387,1.66779979265387,2.18962303069605,-2.18962303069605,0.0638147556796042,-0.0638147556796042,-0.524440479162348,0.524440479162348,-0.294778460226745,0.294778460226745,0.708103573844971,-0.708103573844971,1.46209442707079,-1.46209442707079,-0.492028157600359,0.492028157600359,-0.654972845119432,0.654972845119432,-0.526810304120492,0.526810304120492,0.715914379475283,-0.715914379475283,-0.64845511418878,0.64845511418878,0.239387702444537,-0.239387702444537,0.146327687143779,-0.146327687143779,0.448812292837848,-0.448812292837848,-2.26331849846095,2.26331849846095,-1.67611649450724,1.67611649450724,1.40641299236504,-1.40641299236504,0.619579817087071,-0.619579817087071,1.80005595467363,-1.80005595467363,0.834898626232879,-0.834898626232879,0.575653095299552,-0.575653095299552,1.39611038736602,-1.39611038736602,0.834233559581734,-0.834233559581734,-0.591460936782939,0.591460936782939,1.65951597700959,-1.65951597700959,-0.011862330197353,0.011862330197353,0.269504344855288,-0.269504344855288,0.945112709007738,-0.945112709007738,0.0750971835396867,-0.0750971835396867,-0.0592063496232817,0.0592063496232817,0.810599805519222,-0.810599805519222,1.49345108082496,-1.49345108082496,1.44867953561145,-1.44867953561145,-0.801111122240986,0.801111122240986,0.288802457850482,-0.288802457850482,-0.411100800250343,0.411100800250343,-0.853878232622131,0.853878232622131,0.838945575006533,-0.838945575006533,0.248334302918356,-0.248334302918356,0.622117518809712,-0.622117518809712,0.879153913360681,-0.879153913360681,1.89932732347539,-1.89932732347539,-1.04796330119002,1.04796330119002,0.514362017683355,-0.514362017683355,-0.791834570311616,0.791834570311616,0.602947232548272,-0.602947232548272,-2.6530360807747,2.6530360807747,1.21409268243917,-1.21409268243917,-1.27055351388496,1.27055351388496,1.65014689347273,-1.65014689347273,-1.86430314590673,1.86430314590673,-0.116282797570927,0.116282797570927,0.81255161382228,-0.81255161382228,1.58011959137145,-1.58011959137145,-1.09532547573355,1.09532547573355,-2.0298855914552,2.0298855914552,0.493480859781671,-0.493480859781671,0.557691311877755,-0.557691311877755,0.887443916579307,-0.887443916579307,0.172137407331919,-0.172137407331919,0.624102902753382,-0.624102902753382,-1.47123520716724,1.47123520716724,0.950166798038954,-0.950166798038954,0.786119265416249,-0.786119265416249,-0.857742532492035,0.857742532492035,-0.511577305996044,0.511577305996044,-0.214254934370843,0.214254934370843,-1.96034010055515,1.96034010055515,0.0173636109033304,-0.0173636109033304,1.14347936694524,-1.14347936694524,0.762402287067039,-0.762402287067039,0.174801336414841,-0.174801336414841,-0.913898755574679,0.913898755574679,0.660080461628936,-0.660080461628936,1.59462976274999,-1.59462976274999,0.598661056709122,-0.598661056709122,-0.401742001018485,0.401742001018485,0.918952536173997,-0.918952536173997,-0.64105151620829,0.64105151620829,0.605873441856592,-0.605873441856592,-0.341426650799326,0.341426650799326,1.06595368286112,-1.06595368286112,-0.602603987263366,0.602603987263366,0.942991285283389,-0.942991285283389,0.87181782499251,-0.87181782499251,-0.997166828085552,0.997166828085552,0.487818795695199,-0.487818795695199,-0.694569116913046,0.694569116913046,-1.04177783402937,1.04177783402937,-2.01749655851024,2.01749655851024,-0.220139834825723,0.220139834825723,-1.37419163970615,1.37419163970615,0.296391203710633,-0.296391203710633,-0.602637659613111,0.602637659613111,-0.904842688069052,0.904842688069052,1.30618450345346,-1.30618450345346,0.103221680422021,-0.103221680422021,-0.18681321888971,0.18681321888971,0.860118447245493,-0.860118447245493,-1.1620284859465,1.1620284859465,-1.23164083085727,1.23164083085727,0.809327339261246,-0.809327339261246,0.936944467215484,-0.936944467215484,-1.12248632146437,1.12248632146437,0.802526027319459,-0.802526027319459,0.805776496816754,-0.805776496816754,0.0869622612168889,-0.0869622612168889,0.217238909262057,-0.217238909262057,0.818071010562576,-0.818071010562576,-0.119396242583428,0.119396242583428,1.07403912911669,-1.07403912911669,0.678637957397962,-0.678637957397962,0.314367324763373,-0.314367324763373,-1.46047002544638,1.46047002544638,-1.53267492624619,1.53267492624619,-0.984604313351832,0.984604313351832,0.771647488548493,-0.771647488548493,-1.28011940767214,1.28011940767214,-2.05502449047543,2.05502449047543,0.291808703472023,-0.291808703472023,-0.355333618311678,0.355333618311678,-0.199765343967827,0.199765343967827,0.526340102890417,-0.526340102890417,0
